0.000000 0.420225 0.303238 0.196002 0.195757 0.170565 0.040606 0.015537 0.007589 0.669885 0.565870 0.376467 0.383924
0.015651 0.421232 0.304078 0.196056 0.195675 0.171799 0.041883 0.016197 0.006702 0.670665 0.566274 0.375914 0.384649
0.031301 0.422371 0.304882 0.196336 0.195723 0.173027 0.043175 0.016788 0.005879 0.671715 0.566588 0.375884 0.385568
0.046952 0.423342 0.305678 0.196450 0.195702 0.174392 0.044477 0.017492 0.005046 0.672293 0.566879 0.375409 0.386359
0.062603 0.424398 0.306560 0.196588 0.195769 0.175674 0.045867 0.018194 0.004211 0.673121 0.567254 0.374983 0.387327
0.078254 0.425553 0.307331 0.196892 0.195779 0.177148 0.047206 0.018231 0.003555 0.673957 0.567456 0.375553 0.388003
0.093904 0.426728 0.308084 0.197029 0.195834 0.178597 0.048563 0.018909 0.002945 0.674858 0.567605 0.375149 0.388724
0.109555 0.427970 0.308838 0.197234 0.196045 0.180088 0.049962 0.019624 0.001988 0.675852 0.567715 0.374843 0.390103
0.125206 0.429022 0.309624 0.197425 0.196158 0.181340 0.051428 0.020363 0.001418 0.676704 0.567821 0.374488 0.390899
0.140856 0.430122 0.310476 0.197698 0.196385 0.182621 0.052967 0.021094 0.000866 0.677623 0.567986 0.374301 0.391904
0.156507 0.431110 0.311264 0.197967 0.196759 0.183920 0.054432 0.021903 0.000447 0.678300 0.568096 0.374032 0.393071
0.172158 0.432089 0.312105 0.198202 0.197116 0.185203 0.056021 0.022710 0.000040 0.678974 0.568190 0.373693 0.394193
0.187808 0.433052 0.312855 0.198454 0.197495 0.186460 0.057634 0.023537 -0.000298 0.679643 0.568075 0.373371 0.395287
0.203459 0.434041 0.313558 0.198758 0.197914 0.187736 0.059260 0.024376 -0.000596 0.680346 0.567857 0.373139 0.396425
0.219110 0.435082 0.314284 0.199012 0.198404 0.189063 0.060931 0.025224 -0.000936 0.681102 0.567637 0.372799 0.397743
0.234761 0.436160 0.315089 0.199351 0.198958 0.190294 0.062634 0.026136 -0.001154 0.682026 0.567544 0.372567 0.399070
0.250411 0.437177 0.315920 0.199622 0.199528 0.191565 0.064019 0.026980 -0.001454 0.682789 0.567822 0.372264 0.400509
0.266062 0.438198 0.316554 0.199878 0.200110 0.192775 0.065595 0.027822 -0.001692 0.683621 0.567512 0.371935 0.401912
0.281713 0.439250 0.317144 0.200160 0.200728 0.193971 0.067227 0.028644 -0.001898 0.684528 0.567061 0.371677 0.403354
0.297363 0.440190 0.317821 0.200428 0.201377 0.195021 0.068924 0.029464 -0.002029 0.685360 0.566718 0.371392 0.404782
0.313014 0.441125 0.318438 0.200682 0.202074 0.196074 0.070590 0.030297 -0.002158 0.686176 0.566286 0.371067 0.406307
0.328665 0.442004 0.319075 0.200929 0.202819 0.197117 0.072087 0.031134 -0.002165 0.686891 0.566063 0.370725 0.407803
0.344316 0.442879 0.319657 0.201166 0.203701 0.198113 0.073713 0.031951 -0.002048 0.687645 0.565602 0.370380 0.409450
0.359966 0.443769 0.320282 0.201436 0.204655 0.199133 0.075375 0.032711 -0.001936 0.688405 0.565190 0.370160 0.411246
0.375617 0.444647 0.320888 0.201781 0.205625 0.200072 0.077083 0.033396 -0.001710 0.689223 0.564694 0.370166 0.412960
0.391268 0.445515 0.321480 0.202050 0.206638 0.200931 0.078798 0.034243 -0.001580 0.690099 0.564162 0.369858 0.414855
0.406918 0.446338 0.321934 0.202301 0.207649 0.201853 0.080514 0.035102 -0.001478 0.690822 0.563355 0.369501 0.416776
0.422569 0.447172 0.322359 0.202629 0.208732 0.202746 0.082210 0.035857 -0.001495 0.691598 0.562507 0.369401 0.418959
0.438220 0.447978 0.322984 0.202916 0.209856 0.203606 0.083238 0.036713 -0.001431 0.692349 0.562730 0.369119 0.421143
0.453870 0.448754 0.323457 0.203189 0.211059 0.204539 0.084817 0.037588 -0.001330 0.692969 0.562097 0.368790 0.423447
0.469521 0.449501 0.323884 0.203462 0.212340 0.205463 0.086422 0.038456 -0.001108 0.693539 0.561347 0.368468 0.425788
0.485172 0.450257 0.324248 0.203800 0.213693 0.206396 0.088004 0.039347 -0.000867 0.694117 0.560492 0.368253 0.428252
0.500823 0.451008 0.324528 0.204117 0.214998 0.207224 0.089538 0.040245 -0.000562 0.694793 0.559519 0.367989 0.430557
0.516473 0.451684 0.324768 0.204552 0.216337 0.208093 0.091022 0.041155 -0.000226 0.695274 0.558514 0.367949 0.432900
0.532124 0.452351 0.325004 0.204987 0.217748 0.208984 0.092457 0.042078 0.000036 0.695717 0.557552 0.367895 0.435460
0.547775 0.452950 0.325202 0.205369 0.219221 0.209843 0.093784 0.042986 0.000272 0.696056 0.556619 0.367753 0.438170
0.563425 0.453527 0.325429 0.205774 0.220681 0.210700 0.095060 0.043897 0.000506 0.696354 0.555797 0.367650 0.440856
0.579076 0.454125 0.325717 0.206200 0.222155 0.211486 0.096163 0.044825 0.000765 0.696764 0.555271 0.367575 0.443546
0.594727 0.454718 0.326076 0.206681 0.223621 0.212293 0.097203 0.045823 0.001021 0.697143 0.554950 0.367539 0.446222
0.610377 0.455222 0.326412 0.207201 0.225116 0.213028 0.098043 0.046826 0.001320 0.697416 0.554781 0.367575 0.448913
0.626028 0.455655 0.326726 0.207742 0.226735 0.213821 0.098886 0.047807 0.001773 0.697489 0.554566 0.367676 0.451698
0.641679 0.456073 0.327078 0.208292 0.228358 0.214579 0.099528 0.048821 0.002128 0.697568 0.554627 0.367762 0.454588
0.657330 0.456608 0.327356 0.208851 0.230003 0.215405 0.100269 0.049847 0.002465 0.697811 0.554442 0.367855 0.457542
0.672980 0.457068 0.327570 0.209464 0.231631 0.216213 0.100950 0.050827 0.002779 0.697923 0.554191 0.368101 0.460484
0.688631 0.457527 0.327844 0.210105 0.233275 0.217005 0.101505 0.051815 0.003159 0.698049 0.554183 0.368394 0.463391
0.704282 0.457896 0.328073 0.210816 0.234886 0.217852 0.101961 0.052808 0.003500 0.697940 0.554184 0.368823 0.466273
0.719932 0.458182 0.328423 0.211567 0.236508 0.218689 0.102141 0.053799 0.003850 0.697675 0.554705 0.369335 0.469167
0.735583 0.458469 0.328754 0.212333 0.238063 0.219510 0.102148 0.054771 0.004134 0.697428 0.555360 0.369895 0.471993
0.751234 0.458683 0.329119 0.213169 0.239623 0.220288 0.102132 0.055726 0.004344 0.697077 0.556105 0.370612 0.474903
0.766885 0.458896 0.329455 0.214005 0.241159 0.221031 0.101966 0.056742 0.004606 0.696760 0.556944 0.371268 0.477712
0.782535 0.459126 0.329817 0.214888 0.242814 0.221949 0.101722 0.057717 0.004919 0.696303 0.557911 0.372058 0.480710
0.798186 0.459313 0.330172 0.215759 0.244439 0.222764 0.101358 0.058732 0.005213 0.695862 0.558986 0.372786 0.483665
0.813837 0.459434 0.330622 0.216669 0.246034 0.223694 0.101023 0.059708 0.005539 0.695174 0.560222 0.373631 0.486528
0.829487 0.459549 0.331113 0.217619 0.247472 0.224546 0.100587 0.060666 0.005784 0.694551 0.561639 0.374571 0.489160
0.845138 0.459625 0.331655 0.218630 0.249001 0.225283 0.100066 0.061812 0.006086 0.693968 0.563243 0.375447 0.491916
0.860789 0.459646 0.332174 0.219711 0.250527 0.225987 0.099409 0.062680 0.006473 0.693304 0.564938 0.376743 0.494581
0.876439 0.459660 0.332649 0.220847 0.252070 0.226705 0.098612 0.063453 0.006926 0.692614 0.566687 0.378241 0.497213
0.892090 0.459635 0.333103 0.222083 0.253556 0.227417 0.097678 0.064442 0.007391 0.691854 0.568529 0.379723 0.499721
0.907741 0.459527 0.333581 0.223348 0.254933 0.228217 0.096708 0.065289 0.007764 0.690837 0.570453 0.381408 0.502102
0.923392 0.459380 0.334140 0.224601 0.256278 0.229133 0.095627 0.066192 0.008151 0.689628 0.572653 0.383010 0.504405
0.939042 0.459128 0.334715 0.226033 0.257697 0.229957 0.094507 0.067367 0.008621 0.688299 0.574923 0.384698 0.506772
0.954693 0.458951 0.335351 0.227418 0.259109 0.230536 0.093368 0.068407 0.009171 0.687367 0.577334 0.386429 0.509047
0.970344 0.458664 0.335948 0.228781 0.260499 0.231114 0.092162 0.069221 0.009781 0.686214 0.579733 0.388341 0.511218
0.985994 0.458325 0.336552 0.230208 0.261746 0.231543 0.090923 0.070150 0.010365 0.685107 0.582182 0.390266 0.513127
1.001645 0.457964 0.337223 0.231691 0.263035 0.231874 0.089677 0.070921 0.010929 0.684054 0.584769 0.392461 0.515141
1.017296 0.457610 0.337899 0.233174 0.264193 0.232165 0.088505 0.071762 0.011646 0.683056 0.587293 0.394586 0.516740
1.032947 0.457222 0.338544 0.234716 0.265410 0.232453 0.087414 0.072509 0.012327 0.681991 0.589673 0.396922 0.518493
1.048597 0.456828 0.339213 0.236268 0.266535 0.232748 0.086217 0.073186 0.013062 0.680908 0.592209 0.399350 0.520008
1.064248 0.456506 0.339966 0.237876 0.267553 0.232841 0.085061 0.074048 0.013918 0.680172 0.594871 0.401703 0.521188
1.079899 0.456261 0.340772 0.239568 0.268602 0.233050 0.084065 0.074507 0.014691 0.679471 0.597478 0.404629 0.522513
1.095549 0.455888 0.341502 0.241303 0.269585 0.233233 0.082941 0.075103 0.015559 0.678544 0.600063 0.407504 0.523612
1.111200 0.455484 0.342242 0.242970 0.270466 0.233302 0.081988 0.075759 0.016446 0.677666 0.602495 0.410181 0.524487
1.126851 0.455053 0.343053 0.244682 0.271339 0.233293 0.081114 0.076316 0.017398 0.676812 0.604992 0.413049 0.525280
1.142501 0.454682 0.343826 0.246347 0.272248 0.233211 0.080233 0.076981 0.018247 0.676153 0.607418 0.415713 0.526249
1.158152 0.454386 0.344536 0.248156 0.272998 0.233206 0.079518 0.077545 0.019180 0.675567 0.609553 0.418768 0.526816
1.173803 0.453987 0.345342 0.249937 0.273834 0.233211 0.078742 0.078189 0.020069 0.674763 0.611942 0.421685 0.527600
1.189454 0.453616 0.346067 0.251670 0.274566 0.233127 0.077986 0.078789 0.021072 0.674106 0.614148 0.424552 0.528060
1.205104 0.453337 0.346809 0.253558 0.275236 0.232978 0.077364 0.079269 0.022137 0.673696 0.616254 0.427846 0.528335
1.220755 0.453046 0.347458 0.255503 0.275919 0.232629 0.076739 0.079726 0.023219 0.673464 0.618178 0.431280 0.528619
1.236406 0.452781 0.348079 0.257482 0.276600 0.232331 0.076218 0.080213 0.024335 0.673231 0.619941 0.434751 0.528864
1.252056 0.452449 0.348706 0.259450 0.277162 0.231999 0.075782 0.080713 0.025323 0.672899 0.621631 0.438187 0.529002
1.267707 0.452061 0.349275 0.261541 0.277783 0.231611 0.075417 0.081178 0.026478 0.672512 0.623133 0.441904 0.529088
1.283358 0.451773 0.349769 0.263622 0.278362 0.231186 0.075127 0.081567 0.027644 0.672359 0.624412 0.445677 0.529079
1.299008 0.451391 0.350190 0.265705 0.278901 0.230809 0.074897 0.081960 0.028831 0.671972 0.625482 0.449450 0.528972
1.314659 0.451054 0.350525 0.267829 0.279490 0.230423 0.074874 0.082324 0.029995 0.671686 0.626175 0.453333 0.528985
1.330310 0.450717 0.350777 0.269972 0.280023 0.230006 0.074793 0.082722 0.031194 0.671428 0.626761 0.457223 0.528853
1.345961 0.450480 0.351019 0.272134 0.280598 0.229613 0.075008 0.083149 0.032495 0.671346 0.627031 0.461119 0.528700
1.361611 0.450248 0.351273 0.274337 0.281110 0.229248 0.075173 0.083554 0.033707 0.671249 0.627372 0.465121 0.528512
1.377262 0.449939 0.351521 0.276558 0.281687 0.228741 0.075426 0.084112 0.034924 0.671137 0.627616 0.469004 0.528449
1.392913 0.449600 0.351686 0.278892 0.282266 0.228156 0.075811 0.084427 0.036094 0.671044 0.627561 0.473358 0.528439
1.408563 0.449300 0.351789 0.281129 0.282780 0.227723 0.076232 0.084747 0.037300 0.670877 0.627347 0.477511 0.528260
1.424214 0.448904 0.351895 0.283421 0.283329 0.227404 0.076772 0.085276 0.038534 0.670403 0.627018 0.481565 0.528124
1.439865 0.448501 0.351933 0.285698 0.283853 0.226956 0.077401 0.085667 0.039751 0.670046 0.626466 0.485730 0.527956
1.455516 0.448062 0.351956 0.287953 0.284399 0.226377 0.078150 0.086065 0.040960 0.669748 0.625762 0.489841 0.527837
1.471166 0.447677 0.351868 0.290271 0.284955 0.225926 0.078986 0.086471 0.042176 0.669428 0.624751 0.494072 0.527734
1.486817 0.447220 0.351707 0.292509 0.285529 0.225388 0.079831 0.086877 0.043367 0.669051 0.623583 0.498140 0.527692
1.502468 0.446702 0.351521 0.294845 0.286169 0.224879 0.080836 0.087234 0.044452 0.668525 0.622206 0.502456 0.527886
1.518118 0.446140 0.351375 0.297155 0.286875 0.224444 0.081995 0.087592 0.045577 0.667836 0.620755 0.506719 0.528174
1.533769 0.445575 0.351115 0.299495 0.287565 0.223829 0.083158 0.088009 0.046651 0.667322 0.619072 0.510982 0.528478
1.549420 0.445185 0.350740 0.301847 0.288290 0.223228 0.084376 0.088137 0.047634 0.667143 0.617105 0.515557 0.528946
1.565070 0.444703 0.350387 0.304141 0.289012 0.222674 0.085661 0.088603 0.048651 0.666733 0.615112 0.519678 0.529373
1.580721 0.444257 0.350010 0.306507 0.289807 0.222081 0.087094 0.089105 0.049677 0.666432 0.612927 0.523909 0.529936
1.596372 0.443732 0.349665 0.308779 0.290639 0.221488 0.088554 0.089594 0.050753 0.665976 0.610776 0.527964 0.530525
1.612023 0.443344 0.349291 0.311130 0.291502 0.220696 0.090203 0.089996 0.051774 0.665992 0.608379 0.532265 0.531230
1.627673 0.442909 0.348851 0.313401 0.292339 0.219912 0.091900 0.090504 0.052747 0.665906 0.605802 0.536298 0.531931
1.643324 0.442441 0.348462 0.315571 0.293262 0.219208 0.093726 0.091288 0.053631 0.665673 0.603198 0.539854 0.532893
1.658975 0.441984 0.348196 0.317799 0.294153 0.218593 0.095697 0.091867 0.054451 0.665374 0.600694 0.543732 0.533854
1.674625 0.441506 0.347773 0.319975 0.295027 0.217935 0.097652 0.092473 0.055414 0.665077 0.597894 0.547477 0.534641
1.690276 0.441179 0.347407 0.322116 0.296085 0.217379 0.099638 0.093164 0.056310 0.664980 0.595175 0.551068 0.535859
1.705927 0.440762 0.346983 0.324207 0.297078 0.216883 0.101660 0.093868 0.057144 0.664641 0.592307 0.554545 0.537012
1.721578 0.440466 0.346601 0.326271 0.298039 0.216291 0.103821 0.094517 0.057937 0.664641 0.589380 0.558025 0.538142
1.737228 0.440176 0.346141 0.328292 0.299078 0.215838 0.105887 0.095231 0.058804 0.664514 0.586395 0.561353 0.539352
1.752879 0.439895 0.345788 0.330278 0.300157 0.215405 0.108107 0.095963 0.059688 0.664385 0.583469 0.564593 0.540625
1.768530 0.439590 0.345405 0.332173 0.301263 0.214924 0.110357 0.096707 0.060609 0.664255 0.580452 0.567639 0.541918
1.784180 0.439295 0.345001 0.334103 0.302418 0.214385 0.112640 0.097498 0.061578 0.664204 0.577363 0.570708 0.543258
1.799831 0.439045 0.344548 0.335884 0.303540 0.213963 0.114968 0.098224 0.062523 0.664128 0.574129 0.573544 0.544557
1.815482 0.438809 0.344143 0.337733 0.304715 0.213421 0.117630 0.098990 0.063564 0.664198 0.570656 0.576475 0.545866
1.831132 0.438539 0.343939 0.339563 0.305941 0.212984 0.120116 0.099791 0.064560 0.664093 0.567761 0.579335 0.547322
1.846783 0.438361 0.343759 0.341399 0.307146 0.212326 0.122549 0.100566 0.065575 0.664397 0.564969 0.582233 0.548716
1.862434 0.438249 0.343560 0.343305 0.308370 0.211814 0.124917 0.101305 0.066537 0.664683 0.562203 0.585306 0.550202
1.878085 0.438122 0.343337 0.345023 0.309511 0.211383 0.127387 0.102161 0.067545 0.664861 0.559288 0.587884 0.551478
1.893735 0.438036 0.343064 0.346726 0.310627 0.210963 0.129941 0.103031 0.068536 0.665109 0.556186 0.590422 0.552718
1.909386 0.437975 0.342910 0.348415 0.311659 0.210589 0.132351 0.103907 0.069530 0.665361 0.553469 0.592922 0.553788
1.925037 0.437921 0.342673 0.350000 0.312598 0.210250 0.134612 0.104779 0.070456 0.665593 0.550735 0.595221 0.554739
1.940687 0.437883 0.342506 0.351540 0.313572 0.209944 0.136817 0.105672 0.071333 0.665822 0.548194 0.597408 0.555810
1.956338 0.437898 0.342372 0.353075 0.314507 0.209678 0.139013 0.106403 0.072371 0.666117 0.545732 0.599747 0.556643
1.971989 0.437992 0.342346 0.354586 0.315453 0.209216 0.141105 0.107155 0.073347 0.666768 0.543587 0.602016 0.557559
1.987640 0.438015 0.342338 0.356009 0.316256 0.208914 0.143163 0.107923 0.074469 0.667115 0.541514 0.604095 0.558043
2.003290 0.438053 0.342184 0.357542 0.317051 0.208620 0.145767 0.108659 0.075557 0.667486 0.538601 0.606425 0.558546
2.018941 0.438179 0.342181 0.359105 0.317705 0.208303 0.147666 0.109165 0.076610 0.668055 0.536696 0.609045 0.558800
2.034592 0.438371 0.342190 0.360660 0.318241 0.208015 0.149381 0.109706 0.077527 0.668726 0.534998 0.611615 0.558955
2.050242 0.438546 0.342232 0.362156 0.318712 0.207746 0.150980 0.110251 0.078390 0.669345 0.533484 0.614061 0.559035
2.065893 0.438738 0.342355 0.363654 0.319219 0.207462 0.152544 0.110768 0.079283 0.670014 0.532165 0.616539 0.559154
2.081544 0.438890 0.342468 0.364928 0.319682 0.207043 0.154018 0.111370 0.080173 0.670737 0.530919 0.618487 0.559192
2.097194 0.439106 0.342590 0.366167 0.320010 0.206792 0.155449 0.111955 0.081051 0.671420 0.529731 0.620379 0.558969
2.112845 0.439442 0.342666 0.367516 0.320221 0.206566 0.156766 0.112564 0.081901 0.672318 0.528567 0.622468 0.558541
2.128496 0.439683 0.342706 0.368938 0.320402 0.206197 0.157988 0.113360 0.082774 0.673168 0.527423 0.624517 0.558029
2.144147 0.439880 0.342675 0.370343 0.320528 0.205978 0.159193 0.114035 0.083411 0.673781 0.526158 0.626651 0.557646
2.159797 0.440028 0.342660 0.371649 0.320601 0.205798 0.160260 0.114568 0.084035 0.674257 0.525060 0.628730 0.557168
2.175448 0.440180 0.342649 0.372967 0.320641 0.205635 0.161289 0.115184 0.084704 0.674725 0.524009 0.630749 0.556578
2.191099 0.440404 0.342613 0.374241 0.320519 0.205355 0.162107 0.115804 0.085154 0.675452 0.523120 0.632678 0.555885
2.206749 0.440476 0.342536 0.375445 0.320323 0.205028 0.162892 0.116395 0.085644 0.675924 0.522180 0.634496 0.555002
2.222400 0.440392 0.342580 0.376621 0.320047 0.204590 0.163330 0.116893 0.086125 0.676194 0.521829 0.636349 0.553970
2.238051 0.440329 0.342732 0.377804 0.319733 0.204150 0.163706 0.117554 0.086580 0.676509 0.521758 0.638053 0.552886
2.253701 0.440167 0.342783 0.379045 0.319403 0.203722 0.164071 0.118039 0.086995 0.676611 0.521495 0.640051 0.551811
2.269352 0.440060 0.342962 0.380110 0.319045 0.203139 0.164314 0.118628 0.087335 0.676981 0.521611 0.641592 0.550756
2.285003 0.439947 0.343078 0.381110 0.318648 0.202596 0.164583 0.119203 0.087627 0.677298 0.521573 0.643016 0.549669
2.300654 0.439763 0.343075 0.382158 0.318256 0.201788 0.164876 0.119852 0.087915 0.677738 0.521274 0.644464 0.548597
2.316304 0.439501 0.343046 0.383143 0.317795 0.201159 0.164879 0.120416 0.088057 0.677843 0.521213 0.645869 0.547532
2.331955 0.439155 0.343094 0.384129 0.317290 0.200586 0.164792 0.120975 0.088068 0.677725 0.521396 0.647282 0.546512
2.347606 0.438724 0.343018 0.385060 0.316747 0.199786 0.164628 0.121529 0.088083 0.677663 0.521408 0.648591 0.545412
2.363256 0.438259 0.343076 0.386053 0.316238 0.199066 0.164181 0.122150 0.088204 0.677452 0.521971 0.649955 0.544271
2.378907 0.437874 0.343101 0.387025 0.315733 0.198439 0.163846 0.122767 0.087967 0.677309 0.522356 0.651284 0.543499
2.394558 0.437380 0.343079 0.387853 0.315239 0.197747 0.163356 0.123399 0.087785 0.677012 0.522801 0.652306 0.542693
2.410209 0.436769 0.342894 0.388557 0.314736 0.197052 0.162831 0.124031 0.087650 0.676487 0.522956 0.653082 0.541823
2.425859 0.436195 0.342726 0.389279 0.314313 0.196362 0.162261 0.124623 0.087560 0.676027 0.523191 0.653935 0.541066
2.441510 0.435518 0.342541 0.389924 0.313773 0.195607 0.161662 0.125175 0.087241 0.675430 0.523420 0.654673 0.540304
2.457161 0.434800 0.342289 0.390447 0.313235 0.194811 0.161058 0.125566 0.086852 0.674789 0.523521 0.655329 0.539618
2.472811 0.434074 0.342011 0.390936 0.312817 0.194033 0.160393 0.126032 0.086604 0.674114 0.523628 0.655840 0.539030
2.488462 0.433287 0.341731 0.391421 0.312450 0.193180 0.159652 0.126480 0.086415 0.673394 0.523810 0.656361 0.538484
2.504113 0.432550 0.341391 0.391744 0.311993 0.192366 0.158875 0.126733 0.086075 0.672735 0.523908 0.656754 0.537910
2.519763 0.431808 0.340980 0.392263 0.311614 0.191607 0.158108 0.127182 0.085713 0.672008 0.523852 0.657344 0.537514
2.535414 0.431103 0.340553 0.392714 0.311338 0.190960 0.157313 0.127651 0.085373 0.671247 0.523793 0.657777 0.537303
2.551065 0.430322 0.340030 0.393139 0.311169 0.190298 0.156469 0.128075 0.085066 0.670345 0.523591 0.658203 0.537273
2.566716 0.429463 0.339507 0.393625 0.311061 0.189622 0.155624 0.128759 0.084774 0.669303 0.523391 0.658491 0.537347
2.582366 0.428546 0.338868 0.394031 0.311043 0.188969 0.154731 0.129315 0.084427 0.668123 0.523005 0.658748 0.537659
2.598017 0.427611 0.338339 0.394327 0.310983 0.188351 0.153898 0.129827 0.084043 0.666871 0.522781 0.658827 0.537924
2.613668 0.426694 0.337803 0.394640 0.311046 0.187691 0.153006 0.130369 0.083663 0.665696 0.522600 0.658911 0.538430
2.629318 0.425659 0.337253 0.394889 0.311277 0.187215 0.152094 0.130822 0.083248 0.664104 0.522413 0.658956 0.539306
2.644969 0.424639 0.336635 0.395185 0.311559 0.186630 0.151192 0.131413 0.082882 0.662648 0.522077 0.658956 0.540235
2.660620 0.423812 0.336078 0.395503 0.311891 0.185869 0.150284 0.131945 0.082526 0.661754 0.521873 0.659061 0.541257
2.676271 0.422934 0.335543 0.395840 0.312283 0.185351 0.149418 0.132456 0.082158 0.660517 0.521667 0.659225 0.542409
2.691921 0.422140 0.334988 0.396217 0.312708 0.185006 0.148485 0.132992 0.081805 0.659273 0.521490 0.659442 0.543611
2.707572 0.421265 0.334498 0.396588 0.313236 0.184717 0.147605 0.133567 0.081631 0.657813 0.521391 0.659610 0.544841
2.723223 0.420306 0.334166 0.396855 0.313835 0.184357 0.146647 0.134098 0.081379 0.656255 0.521686 0.659612 0.546290
2.738873 0.419626 0.333835 0.397260 0.314473 0.184007 0.145693 0.134756 0.081191 0.655245 0.521978 0.659764 0.547755
2.754524 0.418845 0.333590 0.397574 0.315074 0.183635 0.144758 0.135316 0.080869 0.654056 0.522423 0.659832 0.549280
2.770175 0.418019 0.333451 0.397880 0.315785 0.183406 0.143815 0.135981 0.080585 0.652632 0.523087 0.659778 0.550985
2.785825 0.417323 0.333334 0.398101 0.316504 0.183215 0.143131 0.136544 0.080177 0.651430 0.523538 0.659659 0.552831
2.801476 0.416656 0.333239 0.398403 0.317291 0.183058 0.142604 0.137162 0.079987 0.650253 0.523875 0.659645 0.554594
2.817127 0.415981 0.333201 0.398753 0.318097 0.182992 0.142076 0.137937 0.079795 0.648969 0.524327 0.659570 0.556399
2.832778 0.415282 0.333254 0.399172 0.318911 0.182995 0.141628 0.138653 0.079545 0.647569 0.524880 0.659690 0.558277
2.848428 0.414597 0.333400 0.399573 0.319840 0.183081 0.141268 0.139488 0.079396 0.646113 0.525533 0.659659 0.560284
2.864079 0.413933 0.333588 0.399973 0.320804 0.183169 0.140911 0.140329 0.079227 0.644697 0.526266 0.659617 0.562380
2.879730 0.413259 0.333923 0.400265 0.321787 0.183286 0.140567 0.141138 0.079182 0.643233 0.527279 0.659392 0.564393
2.895380 0.412687 0.334251 0.400576 0.322813 0.183525 0.140322 0.141897 0.079047 0.641848 0.528179 0.659255 0.566578
2.911031 0.412134 0.334563 0.400812 0.323725 0.183794 0.140116 0.142702 0.078991 0.640473 0.529010 0.658922 0.568459
2.926682 0.411628 0.334939 0.401084 0.324763 0.184168 0.139877 0.143613 0.079129 0.639088 0.530000 0.658554 0.570398
2.942332 0.411189 0.335374 0.401265 0.325787 0.184604 0.139671 0.144459 0.079260 0.637774 0.531076 0.658071 0.572314
2.957983 0.410605 0.335881 0.401563 0.326776 0.185027 0.139495 0.145419 0.079481 0.636184 0.532267 0.657706 0.574070
2.973634 0.409994 0.336517 0.401915 0.327845 0.185343 0.139295 0.146473 0.079741 0.634644 0.533739 0.657356 0.575948
2.989285 0.409487 0.337121 0.402135 0.328912 0.185756 0.139228 0.147357 0.080070 0.633218 0.535014 0.656913 0.577754
3.004935 0.409019 0.337820 0.402510 0.330045 0.186070 0.139200 0.148210 0.080544 0.631969 0.536440 0.656810 0.579546
3.020586 0.408502 0.338556 0.402844 0.331148 0.186534 0.139214 0.149260 0.081018 0.630469 0.537899 0.656428 0.581279
3.036237 0.407924 0.339362 0.403103 0.332311 0.186921 0.139258 0.150365 0.081633 0.628928 0.539466 0.655841 0.582989
3.051887 0.407449 0.340241 0.403366 0.333401 0.187447 0.139349 0.151421 0.082347 0.627452 0.541132 0.655310 0.584455
3.067538 0.407077 0.341117 0.403430 0.334451 0.188012 0.139405 0.152500 0.083227 0.626142 0.542828 0.654361 0.585675
3.083189 0.406652 0.341991 0.403432 0.335361 0.188559 0.139453 0.153553 0.084038 0.624745 0.544528 0.653311 0.586684
3.098840 0.406236 0.342937 0.403501 0.336361 0.189053 0.139515 0.154482 0.084894 0.623419 0.546358 0.652520 0.587827
3.114490 0.405708 0.343863 0.403533 0.337286 0.189553 0.139634 0.155635 0.085833 0.621864 0.548092 0.651430 0.588739
3.130141 0.405333 0.344799 0.403541 0.338325 0.190122 0.139901 0.156438 0.086767 0.620545 0.549697 0.650643 0.589884
3.145792 0.404962 0.345748 0.403482 0.339227 0.190655 0.139957 0.157228 0.087746 0.619270 0.551538 0.649736 0.590707
3.161442 0.404615 0.346686 0.403385 0.340114 0.191166 0.140178 0.157910 0.088660 0.618064 0.553193 0.648860 0.591568
3.177093 0.404225 0.347608 0.403236 0.341020 0.191765 0.140229 0.158686 0.089744 0.616685 0.554986 0.647786 0.592296
3.192744 0.403916 0.348546 0.403223 0.341974 0.192449 0.140369 0.159420 0.090993 0.615384 0.556723 0.647025 0.592956
3.208394 0.403668 0.349454 0.403174 0.342977 0.192860 0.140408 0.160241 0.092341 0.614476 0.558501 0.646107 0.593613
3.224045 0.403349 0.350194 0.403204 0.344009 0.193277 0.140402 0.161095 0.093801 0.613421 0.559986 0.645312 0.594216
3.239696 0.403127 0.351111 0.403149 0.344964 0.193590 0.140371 0.161784 0.095249 0.612665 0.561852 0.644513 0.594678
3.255347 0.402871 0.351921 0.403118 0.345798 0.194062 0.140395 0.162409 0.096659 0.611680 0.563447 0.643826 0.594936
3.270997 0.402782 0.352657 0.403062 0.346741 0.194306 0.140396 0.163089 0.098169 0.611258 0.564918 0.643035 0.595313
3.286648 0.402656 0.353362 0.403007 0.347646 0.194763 0.140329 0.163794 0.099729 0.610549 0.566395 0.642220 0.595564
3.302299 0.402542 0.354113 0.402978 0.348496 0.195173 0.140273 0.164448 0.101257 0.609910 0.567953 0.641509 0.595734
3.317949 0.402481 0.354678 0.402882 0.349335 0.195618 0.140135 0.165028 0.102555 0.609344 0.569221 0.640735 0.596116
3.333600 0.402487 0.355287 0.402820 0.350140 0.196118 0.139892 0.165575 0.103842 0.608855 0.570682 0.640066 0.596437
3.349251 0.402542 0.355754 0.402755 0.350953 0.196687 0.139662 0.166089 0.105262 0.608398 0.571845 0.639422 0.596645
3.364902 0.402602 0.356153 0.402768 0.351746 0.197243 0.139406 0.166509 0.106596 0.607960 0.572900 0.639028 0.596897
3.380552 0.402720 0.356496 0.402720 0.352448 0.197834 0.139103 0.167035 0.108022 0.607606 0.573890 0.638406 0.596874
3.396203 0.402890 0.356684 0.402532 0.353217 0.198408 0.138794 0.167337 0.109410 0.607372 0.574574 0.637726 0.597023
3.411854 0.402986 0.356831 0.402386 0.353925 0.199184 0.138421 0.167770 0.110828 0.606789 0.575240 0.637003 0.597023
3.427504 0.403133 0.356877 0.402120 0.354534 0.199865 0.138064 0.168148 0.112202 0.606402 0.575690 0.636093 0.596867
3.443155 0.403368 0.357032 0.402137 0.355166 0.200476 0.137367 0.168500 0.113512 0.606260 0.576696 0.635774 0.596821
3.458806 0.403596 0.357099 0.402108 0.355862 0.201051 0.136863 0.168736 0.114791 0.606141 0.577334 0.635481 0.596933
3.474456 0.403866 0.357070 0.402098 0.356522 0.201604 0.136161 0.169026 0.115976 0.606128 0.577980 0.635170 0.597067
3.490107 0.404126 0.357082 0.402052 0.357282 0.202169 0.135658 0.169262 0.117033 0.606083 0.578506 0.634842 0.597531
3.505758 0.404442 0.356870 0.401984 0.357997 0.202827 0.135108 0.169435 0.118173 0.606058 0.578633 0.634534 0.597821
3.521409 0.404769 0.356589 0.401957 0.358658 0.203415 0.134522 0.169548 0.119254 0.606123 0.578657 0.634366 0.598061
3.537059 0.405053 0.356304 0.401886 0.359273 0.204171 0.134010 0.169729 0.120324 0.605935 0.578599 0.634042 0.598221
3.552710 0.405452 0.355939 0.401770 0.359888 0.204796 0.133432 0.169812 0.121286 0.606108 0.578445 0.633727 0.598490
3.568361 0.405900 0.355618 0.401588 0.360458 0.205352 0.132475 0.169845 0.122106 0.606448 0.578762 0.633330 0.598809
3.584011 0.406315 0.355203 0.401401 0.361054 0.205939 0.131638 0.169996 0.122809 0.606690 0.578769 0.632806 0.599298
3.599662 0.406743 0.354752 0.401219 0.361656 0.206707 0.130854 0.170127 0.123505 0.606779 0.578649 0.632310 0.599807
3.615313 0.407268 0.354325 0.401048 0.362263 0.207308 0.129853 0.170217 0.124112 0.607228 0.578796 0.631880 0.600414
3.630963 0.407776 0.353906 0.400844 0.362738 0.208248 0.128529 0.170299 0.124570 0.607304 0.579282 0.631389 0.600906
3.646614 0.408309 0.353456 0.400733 0.363199 0.209231 0.127419 0.170212 0.124800 0.607387 0.579494 0.631254 0.601598
3.662265 0.408810 0.352963 0.400639 0.363607 0.210062 0.126428 0.170115 0.125153 0.607559 0.579498 0.631163 0.602060
3.677916 0.409285 0.352539 0.400539 0.364025 0.210880 0.125459 0.170004 0.125401 0.607690 0.579618 0.631074 0.602649
3.693566 0.409735 0.352065 0.400296 0.364408 0.211840 0.124507 0.169796 0.125548 0.607630 0.579623 0.630796 0.603268
3.709217 0.410136 0.351584 0.400095 0.364724 0.212616 0.123556 0.169775 0.125798 0.607656 0.579613 0.630416 0.603650
3.724868 0.410529 0.351085 0.400078 0.365020 0.213245 0.122440 0.169826 0.125906 0.607813 0.579730 0.630329 0.604133
3.740518 0.410909 0.350618 0.399930 0.365291 0.213859 0.121416 0.169834 0.125831 0.607959 0.579820 0.630026 0.604751
3.756169 0.411178 0.350231 0.399820 0.365627 0.214487 0.120352 0.169891 0.125746 0.607869 0.580109 0.629748 0.605509
3.771820 0.411563 0.349818 0.399746 0.365945 0.215199 0.119320 0.170018 0.125676 0.607927 0.580317 0.629473 0.606213
3.787471 0.411917 0.349492 0.399672 0.366272 0.215967 0.118258 0.170290 0.125498 0.607867 0.580727 0.629054 0.607046
3.803121 0.412177 0.349154 0.399587 0.366558 0.216461 0.117162 0.170411 0.125323 0.607892 0.581146 0.628762 0.607793
3.818772 0.412487 0.348799 0.399411 0.366829 0.216722 0.116028 0.170794 0.125021 0.608251 0.581571 0.628027 0.608637
3.834423 0.412807 0.348471 0.399430 0.367154 0.217205 0.114955 0.171134 0.124729 0.608409 0.581987 0.627727 0.609578
3.850073 0.413141 0.348193 0.399451 0.367467 0.217606 0.113977 0.171548 0.124559 0.608675 0.582408 0.627354 0.610376
3.865724 0.413358 0.348045 0.399445 0.367725 0.218132 0.112897 0.171991 0.124291 0.608585 0.583193 0.626899 0.611159
3.881375 0.413679 0.347952 0.399554 0.367916 0.218472 0.111894 0.172546 0.124098 0.608886 0.584011 0.626562 0.611734
3.897025 0.413915 0.347919 0.399673 0.368147 0.218653 0.110834 0.173196 0.123863 0.609178 0.585004 0.626151 0.612431
3.912676 0.414088 0.348018 0.399812 0.368318 0.218532 0.109810 0.173839 0.123522 0.609645 0.586226 0.625786 0.613113
3.928327 0.414250 0.348071 0.399962 0.368354 0.218301 0.108874 0.174386 0.122960 0.610200 0.587267 0.625538 0.613748
3.943978 0.414321 0.348231 0.400209 0.368399 0.218095 0.107856 0.175061 0.122614 0.610546 0.588606 0.625357 0.614184
3.959628 0.414511 0.348587 0.400615 0.368477 0.217527 0.106974 0.175760 0.122210 0.611496 0.590199 0.625471 0.614744
3.975279 0.414667 0.348973 0.401073 0.368534 0.217360 0.106096 0.176531 0.121655 0.611974 0.591850 0.625616 0.615413
3.990930 0.414709 0.349481 0.401503 0.368529 0.217041 0.105166 0.177375 0.121053 0.612378 0.593795 0.625631 0.616004
4.006580 0.414830 0.349971 0.401971 0.368647 0.216732 0.104191 0.178237 0.120683 0.612928 0.595750 0.625705 0.616611
4.022231 0.414882 0.350538 0.402463 0.368807 0.216361 0.103362 0.179098 0.120286 0.613404 0.597715 0.625827 0.617327
4.037882 0.414941 0.351126 0.402858 0.368835 0.215809 0.102612 0.179995 0.119901 0.614073 0.599641 0.625721 0.617769
4.053533 0.414971 0.351756 0.403253 0.368841 0.215214 0.101875 0.180827 0.119449 0.614728 0.601637 0.625680 0.618232
4.069183 0.414932 0.352431 0.403690 0.368929 0.214583 0.101172 0.181691 0.118961 0.615280 0.603690 0.625689 0.618897
4.084834 0.414857 0.353179 0.404058 0.368958 0.213891 0.100493 0.182528 0.118557 0.615822 0.605864 0.625588 0.619359
4.100485 0.414730 0.353942 0.404539 0.368918 0.213070 0.099896 0.183453 0.118149 0.616391 0.607988 0.625625 0.619687
4.116135 0.414633 0.354771 0.405004 0.368880 0.212181 0.099398 0.184407 0.117738 0.617085 0.610143 0.625602 0.620021
4.131786 0.414600 0.355583 0.405350 0.368723 0.211236 0.098950 0.185105 0.117396 0.617965 0.612216 0.625595 0.620051
4.147437 0.414547 0.356526 0.405783 0.368683 0.210217 0.098630 0.185858 0.117154 0.618876 0.614421 0.625709 0.620212
4.163087 0.414516 0.357413 0.406246 0.368666 0.209131 0.098341 0.186543 0.116760 0.619901 0.616485 0.625949 0.620571
4.178738 0.414490 0.358331 0.406647 0.368671 0.208019 0.098169 0.187169 0.116427 0.620960 0.618493 0.626125 0.620915
4.194389 0.414518 0.359307 0.407018 0.368662 0.206895 0.098080 0.187776 0.116265 0.622140 0.620534 0.626259 0.621060
4.210040 0.414453 0.360329 0.407343 0.368766 0.205669 0.098128 0.188404 0.116075 0.623237 0.622529 0.626283 0.621458
4.225690 0.414299 0.361271 0.407644 0.368860 0.204573 0.098214 0.188980 0.115983 0.624025 0.624328 0.626308 0.621738
4.241341 0.414317 0.362186 0.407958 0.369046 0.203278 0.098258 0.189514 0.116039 0.625356 0.626114 0.626403 0.622054
4.256992 0.414313 0.363075 0.408262 0.369186 0.201960 0.098450 0.190017 0.116152 0.626667 0.627699 0.626508 0.622220
4.272642 0.414336 0.363922 0.408619 0.369273 0.200635 0.098702 0.190362 0.116288 0.628038 0.629142 0.626876 0.622259
4.288293 0.414309 0.364721 0.408972 0.369500 0.199243 0.099104 0.190625 0.116475 0.629374 0.630338 0.627319 0.622526
4.303944 0.414191 0.365481 0.409298 0.369703 0.198001 0.099613 0.190666 0.116764 0.630380 0.631349 0.627930 0.622642
4.319595 0.414152 0.366319 0.409617 0.370101 0.196750 0.100228 0.190815 0.117088 0.631553 0.632410 0.628419 0.623114
4.335245 0.414203 0.367140 0.409841 0.370470 0.195330 0.100933 0.190822 0.117369 0.633076 0.633346 0.628859 0.623571
4.350896 0.414164 0.368064 0.410148 0.371003 0.194091 0.101666 0.190866 0.117565 0.634236 0.634463 0.629430 0.624441
4.366547 0.414105 0.369188 0.410324 0.371562 0.192653 0.102566 0.190927 0.117858 0.635557 0.635809 0.629720 0.625265
4.382197 0.414223 0.370216 0.410369 0.372274 0.191438 0.103441 0.190756 0.118370 0.637009 0.636991 0.629981 0.626179
4.397848 0.414432 0.371147 0.410293 0.373051 0.190154 0.104237 0.190613 0.118853 0.638710 0.638056 0.629974 0.627249
4.413499 0.414555 0.371964 0.410247 0.373853 0.188935 0.105310 0.190301 0.119576 0.640174 0.638619 0.630192 0.628130
4.429149 0.414673 0.372817 0.410335 0.374724 0.187766 0.106509 0.189853 0.120330 0.641581 0.639125 0.630817 0.629117
4.444800 0.414821 0.373446 0.410357 0.375589 0.186686 0.107701 0.189292 0.121083 0.642955 0.639191 0.631422 0.630096
4.460451 0.415064 0.374131 0.410320 0.376435 0.185095 0.108937 0.188764 0.121986 0.645032 0.639325 0.631876 0.630884
4.476102 0.415259 0.374750 0.410275 0.377380 0.184026 0.110248 0.188286 0.122710 0.646493 0.639251 0.632263 0.632049
4.491752 0.415316 0.375383 0.410109 0.378259 0.182958 0.111664 0.187605 0.123378 0.647673 0.639102 0.632612 0.633141
4.507403 0.415446 0.375965 0.409965 0.379159 0.182137 0.113116 0.186939 0.124075 0.648755 0.638814 0.632992 0.634242
4.523054 0.415680 0.376456 0.409722 0.380092 0.181432 0.114626 0.186257 0.124761 0.649928 0.638286 0.633186 0.635423
4.538704 0.415911 0.376836 0.409445 0.381091 0.180758 0.116194 0.185464 0.125485 0.651064 0.637477 0.633427 0.636697
4.554355 0.416013 0.377197 0.409201 0.382137 0.180127 0.117715 0.184662 0.126190 0.651900 0.636680 0.633739 0.638085
4.570006 0.416074 0.377473 0.408745 0.383237 0.179662 0.119240 0.183988 0.126845 0.652486 0.635705 0.633502 0.639630
4.585656 0.416248 0.377743 0.408475 0.384433 0.179235 0.120808 0.183048 0.127491 0.653261 0.634677 0.633902 0.641376
4.601307 0.416423 0.377937 0.408184 0.385694 0.178872 0.122380 0.181704 0.128118 0.653973 0.633493 0.634664 0.643270
4.616958 0.416511 0.378105 0.407839 0.387092 0.178584 0.123964 0.180718 0.128762 0.654438 0.632246 0.634960 0.645422
4.632609 0.416545 0.378186 0.407576 0.388561 0.178389 0.125540 0.179757 0.129404 0.654700 0.630832 0.635395 0.647718
4.648259 0.416635 0.378148 0.407319 0.390138 0.178331 0.127055 0.178843 0.130200 0.654939 0.629242 0.635796 0.650077
4.663910 0.416719 0.378142 0.407030 0.391685 0.178387 0.128453 0.178022 0.131032 0.655051 0.627830 0.636037 0.652337
4.679561 0.416887 0.378117 0.406726 0.393331 0.178586 0.129850 0.177137 0.131952 0.655188 0.626383 0.636316 0.654711
4.695211 0.417015 0.377940 0.406449 0.394977 0.178838 0.131157 0.176306 0.132892 0.655191 0.624724 0.636593 0.657063
4.710862 0.417095 0.377782 0.406132 0.396705 0.179221 0.132513 0.175432 0.133809 0.654969 0.623052 0.636833 0.659601
4.726513 0.417177 0.377526 0.405786 0.398497 0.179683 0.133704 0.174551 0.134748 0.654671 0.621349 0.637021 0.662246
4.742164 0.417307 0.377247 0.405514 0.400301 0.180155 0.134877 0.173520 0.135562 0.654460 0.619618 0.637508 0.665039
4.757814 0.417377 0.376980 0.405204 0.402144 0.180652 0.135960 0.172674 0.136439 0.654102 0.618000 0.637734 0.667849
4.773465 0.417382 0.376607 0.404861 0.403925 0.181376 0.137097 0.171545 0.137224 0.653387 0.616117 0.638176 0.670627
4.789116 0.417563 0.376247 0.404434 0.405789 0.182200 0.138151 0.170328 0.138044 0.652926 0.614344 0.638539 0.673535
4.804766 0.417648 0.375825 0.404148 0.407724 0.183177 0.139108 0.169338 0.138888 0.652120 0.612541 0.638959 0.676561
4.820417 0.417723 0.375421 0.403825 0.409843 0.184126 0.139928 0.168373 0.139822 0.651321 0.610914 0.639277 0.679864
4.836068 0.417695 0.375006 0.403443 0.411879 0.185204 0.140803 0.167312 0.140762 0.650187 0.609209 0.639573 0.682997
4.851718 0.417694 0.374599 0.403163 0.413943 0.186207 0.141700 0.166100 0.141706 0.649181 0.607499 0.640226 0.686180
4.867369 0.417704 0.374086 0.402834 0.416156 0.187206 0.142519 0.165053 0.142766 0.648201 0.605652 0.640615 0.689546
4.883020 0.417741 0.373728 0.402550 0.418373 0.188171 0.143248 0.164043 0.144129 0.647310 0.604209 0.641057 0.692617
4.898671 0.417672 0.373271 0.402314 0.420619 0.189191 0.144001 0.163114 0.145611 0.646153 0.602541 0.641514 0.695627
4.914321 0.417573 0.372862 0.402100 0.422817 0.190269 0.144541 0.162250 0.146964 0.644878 0.601184 0.641950 0.698669
4.929972 0.417513 0.372409 0.401867 0.425134 0.191283 0.144982 0.161452 0.148519 0.643743 0.599836 0.642281 0.701748
4.945623 0.417501 0.371870 0.401679 0.427449 0.192438 0.145349 0.160559 0.149973 0.642564 0.598391 0.642800 0.704924
4.961273 0.417390 0.371425 0.401655 0.429637 0.193500 0.145624 0.159799 0.151559 0.641279 0.597227 0.643511 0.707715
4.976924 0.417310 0.370881 0.401594 0.432011 0.194661 0.145880 0.158821 0.153097 0.639960 0.595883 0.644367 0.710924
4.992575 0.417273 0.370320 0.401632 0.434524 0.195778 0.146032 0.158032 0.154940 0.638769 0.594607 0.645233 0.714109
5.008226 0.417068 0.369748 0.401540 0.437013 0.196818 0.146253 0.157121 0.156785 0.637319 0.593242 0.645960 0.717240
5.023876 0.416905 0.369168 0.401503 0.439355 0.197816 0.146301 0.156343 0.158671 0.635994 0.592035 0.646662 0.720039
5.039527 0.416735 0.368533 0.401503 0.441689 0.198902 0.146424 0.155423 0.160649 0.634569 0.590642 0.647584 0.722729
5.055178 0.416566 0.367916 0.401574 0.444007 0.199877 0.146277 0.154668 0.162776 0.633256 0.589556 0.648480 0.725237
5.070828 0.416435 0.367332 0.401654 0.446338 0.200896 0.146072 0.154108 0.164927 0.631975 0.588592 0.649200 0.727748
5.086479 0.416262 0.366757 0.401733 0.448667 0.201864 0.145784 0.153686 0.166972 0.630659 0.587730 0.649780 0.730361
5.102130 0.416036 0.366118 0.401846 0.451081 0.202755 0.145399 0.153229 0.169268 0.629317 0.586838 0.650463 0.732894
5.117780 0.415756 0.365474 0.401960 0.453635 0.203623 0.144981 0.152835 0.171086 0.627890 0.585967 0.651085 0.736183
5.133431 0.415592 0.364697 0.402146 0.456123 0.204627 0.144793 0.152577 0.173407 0.626557 0.584602 0.651716 0.738838
5.149082 0.415314 0.363981 0.402307 0.458570 0.205429 0.144399 0.152289 0.175653 0.625199 0.583563 0.652325 0.741487
5.164733 0.415059 0.363256 0.402387 0.460853 0.205846 0.143937 0.151954 0.177653 0.624273 0.582574 0.652820 0.744053
5.180383 0.414714 0.362448 0.402442 0.463098 0.206524 0.143547 0.151594 0.179804 0.622903 0.581349 0.653290 0.746391
5.196034 0.414445 0.361590 0.402510 0.465316 0.207101 0.143303 0.151256 0.181996 0.621790 0.579878 0.653765 0.748636
5.211685 0.414245 0.360847 0.402565 0.467414 0.207628 0.142846 0.150963 0.184259 0.620863 0.578849 0.654167 0.750569
5.227335 0.413945 0.360042 0.402603 0.469523 0.208100 0.142191 0.150754 0.186507 0.619789 0.577893 0.654452 0.752539
5.242986 0.413627 0.359205 0.402517 0.471523 0.208599 0.141518 0.150537 0.188714 0.618654 0.576892 0.654497 0.754333
5.258637 0.413451 0.358413 0.402478 0.473475 0.209057 0.140798 0.150325 0.190921 0.617845 0.576028 0.654631 0.756028
5.274287 0.413217 0.357594 0.402433 0.475435 0.209507 0.140038 0.150087 0.193100 0.616926 0.575149 0.654779 0.757769
5.289938 0.413039 0.356706 0.402301 0.477300 0.209989 0.139397 0.149948 0.195226 0.616090 0.574016 0.654654 0.759374
5.305589 0.412862 0.355811 0.402163 0.479043 0.210386 0.138666 0.149712 0.197211 0.615339 0.572956 0.654614 0.760874
5.321240 0.412766 0.354900 0.401906 0.480634 0.210666 0.137910 0.149390 0.199009 0.614867 0.571890 0.654422 0.762260
5.336890 0.412499 0.354052 0.401628 0.482197 0.210903 0.137196 0.149054 0.200678 0.614095 0.570908 0.654202 0.763716
5.352541 0.412238 0.353078 0.401306 0.483735 0.211023 0.136477 0.148710 0.202339 0.613453 0.569680 0.653901 0.765131
5.368192 0.412053 0.352065 0.400829 0.485197 0.211232 0.135654 0.148285 0.203724 0.612874 0.568477 0.653374 0.766670
5.383842 0.411905 0.351161 0.400398 0.486569 0.211580 0.134870 0.147904 0.205106 0.612230 0.567452 0.652892 0.768032
5.399493 0.411655 0.350079 0.399784 0.487826 0.211670 0.134028 0.147412 0.206415 0.611641 0.566131 0.652157 0.769238
5.415144 0.411356 0.348993 0.399248 0.489148 0.211754 0.133184 0.146670 0.207563 0.610958 0.564801 0.651826 0.770733
5.430795 0.411180 0.347938 0.398647 0.490367 0.211661 0.132388 0.146169 0.208694 0.610700 0.563487 0.651125 0.772039
5.446445 0.410932 0.346879 0.397897 0.491637 0.211459 0.131496 0.145389 0.209687 0.610404 0.562261 0.650405 0.773588
5.462096 0.410733 0.345728 0.396979 0.492737 0.211230 0.130808 0.144678 0.210622 0.610235 0.560648 0.649280 0.774853
5.477747 0.410625 0.344673 0.395948 0.493829 0.211001 0.129981 0.143940 0.211416 0.610249 0.559364 0.647955 0.776242
5.493397 0.410462 0.343574 0.394805 0.494946 0.210989 0.129349 0.143220 0.212212 0.609934 0.557798 0.646390 0.777681
5.509048 0.410330 0.342398 0.393611 0.495985 0.210678 0.128670 0.142474 0.212940 0.609982 0.556126 0.644747 0.779030
5.524699 0.410197 0.341144 0.392279 0.496874 0.210433 0.127963 0.141628 0.213461 0.609961 0.554326 0.642930 0.780287
5.540349 0.410039 0.340107 0.390890 0.497695 0.209713 0.127281 0.140729 0.213958 0.610364 0.552934 0.641051 0.781431
5.556000 0.409988 0.338922 0.389443 0.498360 0.209192 0.126693 0.139805 0.214242 0.610785 0.551152 0.639082 0.782478
5.571651 0.409765 0.337783 0.387950 0.498924 0.208537 0.126185 0.138829 0.214293 0.610994 0.549381 0.637070 0.783554
5.587302 0.409518 0.336647 0.386437 0.499398 0.207781 0.125600 0.137865 0.214304 0.611255 0.547694 0.635009 0.784492
5.602952 0.409286 0.335515 0.384968 0.499899 0.206938 0.125022 0.136759 0.214208 0.611634 0.546007 0.633176 0.785591
5.618603 0.408989 0.334364 0.383370 0.500290 0.206142 0.124533 0.135665 0.213949 0.611835 0.544195 0.631076 0.786630
5.634254 0.408706 0.333302 0.381634 0.500531 0.205285 0.124043 0.134549 0.213672 0.612127 0.542560 0.628718 0.787390
5.649904 0.408456 0.332206 0.379886 0.500839 0.204332 0.123677 0.133233 0.213326 0.612580 0.540735 0.626538 0.788353
5.665555 0.408240 0.331144 0.378034 0.501162 0.203403 0.123299 0.131973 0.212854 0.613078 0.538989 0.624096 0.789470
5.681206 0.407975 0.330146 0.376162 0.501378 0.202464 0.122931 0.130681 0.212456 0.613486 0.537361 0.621643 0.790300
5.696857 0.407695 0.329155 0.374452 0.501616 0.201390 0.122670 0.129424 0.211920 0.614001 0.535641 0.619481 0.791313
5.712507 0.407373 0.328128 0.372610 0.501608 0.200272 0.122422 0.128270 0.211251 0.614474 0.533833 0.616951 0.791964
5.728158 0.407051 0.327287 0.370784 0.501557 0.199242 0.122312 0.127201 0.210722 0.614860 0.532262 0.614368 0.792392
5.743809 0.406658 0.326399 0.369014 0.501363 0.198177 0.122245 0.125987 0.210009 0.615138 0.530553 0.612041 0.792716
5.759459 0.406283 0.325625 0.367138 0.501094 0.197083 0.122060 0.124883 0.209203 0.615483 0.529189 0.609392 0.792985
5.775110 0.406009 0.325010 0.365254 0.500806 0.195969 0.121913 0.123565 0.208471 0.616049 0.528106 0.606942 0.793140
5.790761 0.405757 0.324437 0.363342 0.500552 0.194877 0.121888 0.122236 0.207718 0.616637 0.526986 0.604448 0.793385
5.806411 0.405373 0.323963 0.361419 0.500188 0.193645 0.122044 0.120909 0.206853 0.617102 0.525882 0.601928 0.793522
5.822062 0.405011 0.323515 0.359538 0.499815 0.192361 0.122135 0.119659 0.205959 0.617661 0.524895 0.599416 0.793671
5.837713 0.404674 0.323187 0.357560 0.499335 0.190996 0.122380 0.118574 0.205102 0.618351 0.523995 0.596546 0.793567
5.853364 0.404373 0.322956 0.355669 0.498784 0.189806 0.122655 0.117527 0.204274 0.618940 0.523257 0.593810 0.793293
5.869014 0.404050 0.322809 0.353892 0.498327 0.188503 0.122761 0.116526 0.203589 0.619597 0.522857 0.591258 0.793065
5.884665 0.403657 0.322654 0.352171 0.497767 0.187204 0.123095 0.115619 0.202947 0.620110 0.522214 0.588724 0.792587
5.900316 0.403289 0.322551 0.350524 0.497180 0.185842 0.123436 0.114529 0.202298 0.620737 0.521666 0.586520 0.792062
5.915966 0.403023 0.322540 0.348907 0.496553 0.184423 0.123846 0.113650 0.201989 0.621623 0.521233 0.584164 0.791117
5.931617 0.402761 0.322451 0.347490 0.495897 0.183237 0.124186 0.112459 0.201454 0.622285 0.520717 0.582522 0.790341
5.947268 0.402372 0.322593 0.346107 0.495216 0.181730 0.124747 0.111478 0.200917 0.623014 0.520439 0.580736 0.789514
5.962919 0.402025 0.322928 0.344934 0.494654 0.180341 0.125421 0.110458 0.200640 0.623710 0.520435 0.579410 0.788668
5.978569 0.401735 0.323467 0.343744 0.494005 0.178965 0.125961 0.109516 0.200213 0.624505 0.520973 0.577973 0.787798
5.994220 0.401532 0.323975 0.342414 0.493267 0.177668 0.126506 0.108711 0.199820 0.625396 0.521443 0.576118 0.786715
6.009871 0.401306 0.324728 0.341231 0.492551 0.176396 0.127028 0.107931 0.199488 0.626215 0.522428 0.574530 0.785614
6.025521 0.401034 0.325687 0.340134 0.491954 0.175677 0.127831 0.107079 0.199293 0.626390 0.523543 0.573188 0.784615
6.041172 0.400911 0.326652 0.339115 0.491379 0.174254 0.128427 0.106074 0.199272 0.627567 0.524877 0.572156 0.783485
6.056823 0.400918 0.327725 0.338272 0.490954 0.173155 0.129187 0.105138 0.199358 0.628681 0.526263 0.571406 0.782549
6.072473 0.400930 0.328844 0.337512 0.490668 0.171642 0.129925 0.104188 0.199527 0.630218 0.527764 0.570837 0.781810
6.088124 0.401008 0.330089 0.336744 0.490324 0.170544 0.130662 0.103393 0.199690 0.631471 0.529517 0.570095 0.780958
6.103775 0.401015 0.331494 0.336169 0.489985 0.169557 0.131472 0.102680 0.199976 0.632472 0.531517 0.569659 0.779994
6.119426 0.401209 0.332991 0.335694 0.489650 0.168566 0.132280 0.101977 0.200294 0.633852 0.533702 0.569411 0.779007
6.135076 0.401379 0.334581 0.335294 0.489306 0.167700 0.133191 0.101269 0.200598 0.635058 0.535971 0.569319 0.778015
6.150727 0.401613 0.336229 0.334898 0.488946 0.166847 0.134152 0.100609 0.201000 0.636379 0.538306 0.569187 0.776892
6.166378 0.401796 0.337935 0.334612 0.488610 0.166031 0.135169 0.100149 0.201416 0.637561 0.540701 0.569075 0.775803
6.182028 0.402060 0.339687 0.334547 0.488270 0.165332 0.136229 0.099496 0.201946 0.638788 0.543145 0.569598 0.774593
6.197679 0.402310 0.341715 0.334532 0.487935 0.164573 0.137153 0.098857 0.202526 0.640046 0.546276 0.570208 0.773344
6.213330 0.402638 0.343793 0.334572 0.487654 0.163923 0.138070 0.098203 0.203112 0.641352 0.549516 0.570942 0.772196
6.228980 0.402856 0.345919 0.334661 0.487405 0.163290 0.139431 0.097473 0.203704 0.642422 0.552406 0.571850 0.771105
6.244631 0.403253 0.348060 0.334881 0.487198 0.162695 0.140626 0.096868 0.204331 0.643810 0.555494 0.572893 0.770065
6.260282 0.403683 0.350347 0.335213 0.486988 0.161918 0.141777 0.096444 0.204994 0.645448 0.558916 0.573982 0.768982
6.275933 0.404115 0.352746 0.335607 0.486854 0.161473 0.143140 0.096068 0.205674 0.646757 0.562352 0.575145 0.768034
6.291583 0.404485 0.355161 0.336148 0.486591 0.161090 0.144497 0.095696 0.206241 0.647881 0.565825 0.576599 0.766941
6.307234 0.404881 0.357647 0.336679 0.486422 0.160665 0.145928 0.095426 0.206813 0.649097 0.569365 0.577932 0.766031
6.322885 0.405240 0.360163 0.337387 0.486303 0.160374 0.147414 0.095167 0.207402 0.650105 0.572911 0.579606 0.765205
6.338535 0.405666 0.362797 0.338144 0.486134 0.160088 0.148892 0.095076 0.207906 0.651243 0.576702 0.581213 0.764362
6.354186 0.406240 0.365504 0.338981 0.485993 0.159826 0.150465 0.094971 0.208340 0.652655 0.580542 0.582991 0.763645
6.369837 0.406870 0.368292 0.339897 0.485787 0.159747 0.152176 0.094965 0.208738 0.653994 0.584409 0.584830 0.762836
6.385488 0.407477 0.371135 0.340959 0.485468 0.159615 0.154030 0.095144 0.208998 0.655339 0.588239 0.586774 0.761938
6.401138 0.408051 0.374094 0.342076 0.485179 0.159541 0.155751 0.095358 0.209149 0.656562 0.592437 0.588793 0.761209
6.416789 0.408661 0.376985 0.343189 0.484923 0.159479 0.157423 0.095776 0.209285 0.657843 0.596547 0.590602 0.760561
6.432440 0.409328 0.379925 0.344511 0.484599 0.159451 0.159133 0.096253 0.209333 0.659204 0.600717 0.592770 0.759866
6.448090 0.409938 0.382773 0.345863 0.484261 0.159343 0.160916 0.096895 0.209167 0.660533 0.604631 0.594831 0.759355
6.463741 0.410585 0.385704 0.347131 0.483820 0.159358 0.162694 0.097390 0.208693 0.661813 0.608713 0.596873 0.758947
6.479392 0.411243 0.388656 0.348490 0.483404 0.159432 0.164632 0.098086 0.208173 0.663053 0.612679 0.598894 0.758634
6.495042 0.411860 0.391632 0.349873 0.482891 0.159606 0.166547 0.098853 0.207497 0.664114 0.616716 0.600892 0.758285
6.510693 0.412359 0.394605 0.351278 0.482389 0.159630 0.168510 0.099728 0.206628 0.665089 0.620699 0.602828 0.758149
6.526344 0.412926 0.397590 0.352753 0.481885 0.159718 0.170531 0.100842 0.205754 0.666134 0.624650 0.604665 0.758017
6.541995 0.413446 0.400607 0.354186 0.481226 0.159733 0.172444 0.102093 0.204739 0.667158 0.628771 0.606278 0.757714
6.557645 0.413901 0.403566 0.355587 0.480416 0.159756 0.174417 0.103302 0.203437 0.668045 0.632715 0.607873 0.757395
6.573296 0.414483 0.406453 0.357062 0.479674 0.159679 0.176405 0.104642 0.202255 0.669287 0.636502 0.609482 0.757094
6.588947 0.414949 0.409295 0.358479 0.478810 0.159773 0.178326 0.105914 0.200889 0.670125 0.640264 0.611044 0.756732
6.604597 0.415431 0.412149 0.359911 0.477800 0.159769 0.180246 0.107223 0.199311 0.671093 0.644051 0.612599 0.756290
6.620248 0.415993 0.414817 0.361356 0.476698 0.159836 0.182015 0.108714 0.197575 0.672150 0.647619 0.613997 0.755820
6.635899 0.416342 0.417475 0.362807 0.475468 0.159782 0.183866 0.110145 0.195756 0.672902 0.651083 0.615469 0.755179
6.651550 0.416618 0.420008 0.364253 0.474231 0.159793 0.185691 0.111671 0.194016 0.673443 0.654326 0.616835 0.754447
6.667200 0.417029 0.422469 0.365699 0.472881 0.159855 0.187482 0.113265 0.192115 0.674204 0.657456 0.618132 0.753648
6.682851 0.417365 0.424896 0.367085 0.471358 0.159868 0.189319 0.114891 0.190556 0.674863 0.660473 0.619279 0.752160
6.698502 0.417501 0.427249 0.368406 0.469816 0.159777 0.191132 0.116532 0.188524 0.675224 0.663366 0.620280 0.751107
6.714152 0.417677 0.429404 0.369712 0.468235 0.159768 0.192828 0.118236 0.186535 0.675586 0.665980 0.621187 0.749936
6.729803 0.417797 0.431489 0.371112 0.466943 0.159882 0.194511 0.119903 0.184906 0.675712 0.668468 0.622321 0.748979
6.745454 0.417974 0.433428 0.372436 0.465555 0.159871 0.196118 0.121758 0.182993 0.676076 0.670739 0.623114 0.748117
6.761104 0.418111 0.435233 0.373652 0.464124 0.159764 0.197639 0.123631 0.181079 0.676457 0.672827 0.623673 0.747170
6.776755 0.418197 0.436847 0.374873 0.462848 0.159689 0.199050 0.125593 0.179107 0.676705 0.674645 0.624153 0.746589
6.792406 0.418366 0.438408 0.375972 0.461303 0.159618 0.200420 0.127453 0.177070 0.677114 0.676396 0.624491 0.745535
6.808057 0.418447 0.439930 0.377054 0.459781 0.159624 0.201623 0.129397 0.175058 0.677270 0.678238 0.624710 0.744505
6.823707 0.418527 0.441211 0.378028 0.458167 0.159582 0.202803 0.131251 0.173079 0.677472 0.679619 0.624804 0.743255
6.839358 0.418689 0.442373 0.379022 0.456485 0.159385 0.203884 0.133176 0.171117 0.677992 0.680863 0.624868 0.741853
6.855009 0.418649 0.443436 0.379907 0.454806 0.159345 0.204900 0.134987 0.169234 0.677952 0.681972 0.624828 0.740378
6.870659 0.418594 0.444398 0.380721 0.453099 0.159420 0.205848 0.136896 0.167456 0.677767 0.682948 0.624546 0.738741
6.886310 0.418506 0.445257 0.381523 0.451347 0.159460 0.206786 0.138804 0.165817 0.677552 0.683728 0.624242 0.736876
6.901961 0.418520 0.445905 0.382248 0.449639 0.159527 0.207528 0.140663 0.164278 0.677512 0.684281 0.623832 0.734999
6.917611 0.418483 0.446450 0.382944 0.447834 0.159604 0.208141 0.142545 0.162677 0.677362 0.684759 0.623343 0.732992
6.933262 0.418388 0.446846 0.383601 0.446056 0.159736 0.208762 0.144445 0.161203 0.677041 0.684930 0.622756 0.730908
6.948913 0.418223 0.447042 0.384100 0.444297 0.159754 0.209255 0.146189 0.159728 0.676692 0.684828 0.622011 0.728866
6.964564 0.418020 0.447167 0.384562 0.442586 0.159883 0.209653 0.147927 0.158399 0.676156 0.684681 0.621197 0.726774
6.980214 0.417740 0.447117 0.384953 0.440791 0.159914 0.209918 0.149859 0.157109 0.675566 0.684315 0.620047 0.724473
6.995865 0.417459 0.446905 0.385301 0.439124 0.160073 0.210086 0.151410 0.155909 0.674845 0.683723 0.619192 0.722339
7.011516 0.417114 0.446587 0.385522 0.437482 0.160192 0.210232 0.153118 0.154852 0.674035 0.682941 0.617926 0.720112
7.027166 0.416689 0.446257 0.385814 0.436006 0.160289 0.210132 0.154590 0.153842 0.673088 0.682382 0.617038 0.718170
7.042817 0.416272 0.445749 0.386059 0.434446 0.160560 0.209981 0.155872 0.152946 0.671984 0.681518 0.616246 0.715947
7.058468 0.415876 0.445164 0.386229 0.433054 0.160629 0.209694 0.157086 0.151984 0.671123 0.680635 0.615372 0.714123
7.074119 0.415586 0.444427 0.386215 0.431738 0.160820 0.209309 0.158263 0.151265 0.670351 0.679545 0.614167 0.712211
7.089769 0.415235 0.443664 0.386167 0.430467 0.161103 0.208920 0.159444 0.150705 0.669366 0.678409 0.612889 0.710230
7.105420 0.414995 0.442647 0.386046 0.429256 0.161211 0.208409 0.160519 0.150229 0.668779 0.676884 0.611573 0.708284
7.121071 0.414674 0.441647 0.385883 0.428272 0.161208 0.207770 0.161535 0.149912 0.668139 0.675525 0.610232 0.706632
7.136721 0.414304 0.440511 0.385682 0.427294 0.161279 0.207035 0.162372 0.149754 0.667328 0.673986 0.608991 0.704833
7.152372 0.413926 0.439287 0.385375 0.426369 0.161393 0.206153 0.163167 0.149764 0.666459 0.672421 0.607583 0.702974
7.168023 0.413502 0.437910 0.384924 0.425480 0.161604 0.205276 0.163938 0.149770 0.665401 0.670544 0.605910 0.701190
7.183673 0.413075 0.436498 0.384464 0.424689 0.161685 0.204378 0.164595 0.149925 0.664465 0.668618 0.604334 0.699454
7.199324 0.412590 0.434928 0.383949 0.424019 0.161735 0.203347 0.165140 0.150196 0.663446 0.666508 0.602758 0.697842
7.214975 0.412087 0.433267 0.383236 0.423354 0.161831 0.202214 0.165692 0.150485 0.662343 0.664320 0.600781 0.696224
7.230626 0.411482 0.431635 0.382417 0.422672 0.161834 0.200582 0.165985 0.150850 0.661129 0.662689 0.598849 0.694494
7.246276 0.410906 0.429876 0.381565 0.422082 0.161843 0.199379 0.166130 0.151138 0.659969 0.660373 0.597001 0.693025
7.261927 0.410338 0.428015 0.380609 0.421629 0.161883 0.197958 0.166105 0.151486 0.658793 0.658072 0.595113 0.691773
7.277578 0.409777 0.426072 0.379616 0.421300 0.161921 0.196463 0.166008 0.152035 0.657633 0.655682 0.593224 0.690566
7.293228 0.409211 0.423984 0.378444 0.420981 0.161826 0.194935 0.165789 0.152518 0.656595 0.653032 0.591098 0.689444
7.308879 0.408653 0.421881 0.377204 0.420732 0.161669 0.193408 0.165619 0.153080 0.655636 0.650353 0.588789 0.688383
7.324530 0.408124 0.419615 0.376068 0.420542 0.161382 0.191936 0.165207 0.153674 0.654865 0.647295 0.586928 0.687411
7.340181 0.407395 0.417214 0.374902 0.420365 0.161190 0.190317 0.164902 0.154336 0.653601 0.644112 0.584903 0.686394
7.355831 0.406650 0.414827 0.373703 0.420273 0.160946 0.188652 0.164519 0.155050 0.652354 0.641002 0.582887 0.685496
7.371482 0.406054 0.412422 0.372514 0.420313 0.160814 0.186944 0.164084 0.155777 0.651294 0.637899 0.580945 0.684849
7.387133 0.405334 0.410057 0.371207 0.420467 0.160597 0.185242 0.163604 0.156631 0.650070 0.634871 0.578809 0.684303
7.402783 0.404612 0.407650 0.369948 0.420741 0.160375 0.183401 0.162993 0.157664 0.648849 0.631898 0.576902 0.683818
7.418434 0.403994 0.405074 0.368630 0.421103 0.160116 0.181462 0.162341 0.158744 0.647871 0.628686 0.574918 0.683462
7.434085 0.403347 0.402523 0.367141 0.421404 0.159861 0.179646 0.161692 0.159797 0.646833 0.625400 0.572589 0.683010
7.449735 0.402677 0.400071 0.365671 0.421843 0.159576 0.177808 0.160864 0.160943 0.645778 0.622335 0.570478 0.682743
7.465386 0.401950 0.397590 0.364193 0.422342 0.159378 0.175966 0.160228 0.162027 0.644522 0.619214 0.568157 0.682657
7.481037 0.401154 0.395235 0.362714 0.422863 0.159174 0.173953 0.159358 0.162947 0.643134 0.616518 0.566071 0.682780
7.496688 0.400384 0.392932 0.361119 0.423423 0.158867 0.172067 0.158750 0.164073 0.641902 0.613797 0.563488 0.682774
7.512338 0.399700 0.390463 0.359579 0.424110 0.158677 0.170187 0.157965 0.165327 0.640724 0.610738 0.561194 0.682892
7.527989 0.398980 0.388089 0.358081 0.424771 0.158476 0.168319 0.157248 0.166510 0.639484 0.607859 0.558915 0.683032
7.543640 0.398266 0.385675 0.356627 0.425524 0.158277 0.166314 0.156499 0.167707 0.638255 0.605036 0.556756 0.683341
7.559290 0.397473 0.383389 0.355321 0.426500 0.158027 0.164377 0.155603 0.169147 0.636919 0.602401 0.555038 0.683854
7.574941 0.396903 0.381054 0.354052 0.427494 0.157806 0.162564 0.154755 0.170566 0.636000 0.599543 0.553348 0.684421
7.590592 0.396232 0.378625 0.352812 0.428514 0.157408 0.160581 0.153998 0.171970 0.635056 0.596668 0.551626 0.685058
7.606242 0.395508 0.376447 0.351624 0.429559 0.157383 0.158818 0.153302 0.173414 0.633633 0.594077 0.549945 0.685705
7.621893 0.394933 0.374290 0.350410 0.430563 0.157080 0.156964 0.152699 0.174879 0.632786 0.591616 0.548120 0.686247
7.637544 0.394236 0.372159 0.349188 0.431542 0.157005 0.155173 0.152098 0.176426 0.631467 0.589146 0.546279 0.686659
7.653195 0.393598 0.370138 0.348141 0.432686 0.156724 0.153392 0.151414 0.178014 0.630472 0.586885 0.544869 0.687359
7.668845 0.392969 0.368065 0.347026 0.433828 0.156499 0.151629 0.150701 0.179502 0.629440 0.584502 0.543351 0.688155
7.684496 0.392229 0.366106 0.345943 0.435077 0.156356 0.149857 0.150048 0.181041 0.628102 0.582354 0.541839 0.689113
7.700147 0.391597 0.364274 0.344998 0.436369 0.156162 0.148164 0.149476 0.182649 0.627033 0.580384 0.540519 0.690089
7.715797 0.390980 0.362467 0.344186 0.437723 0.156147 0.146387 0.149075 0.184210 0.625812 0.578547 0.539298 0.691236
7.731448 0.390431 0.360749 0.343303 0.439069 0.156132 0.144663 0.148542 0.185772 0.624730 0.576836 0.538064 0.692367
7.747099 0.389841 0.359111 0.342416 0.440537 0.156123 0.143030 0.147965 0.187282 0.623559 0.575192 0.536867 0.693792
7.762750 0.389364 0.357444 0.341664 0.441991 0.156167 0.141601 0.147115 0.188759 0.622560 0.573286 0.536214 0.695223
7.778400 0.388810 0.355914 0.341036 0.443488 0.156220 0.140281 0.146537 0.190211 0.621401 0.571547 0.535536 0.696765
7.794051 0.388360 0.354475 0.340498 0.445055 0.156313 0.138764 0.146271 0.191654 0.620407 0.570186 0.534724 0.698456
7.809702 0.387829 0.353143 0.339926 0.446556 0.156435 0.137402 0.146038 0.193111 0.619223 0.568884 0.533813 0.700002
7.825352 0.387285 0.351885 0.339426 0.448084 0.156764 0.136091 0.145733 0.194575 0.617807 0.567679 0.533120 0.701593
7.841003 0.386798 0.350590 0.339059 0.449655 0.156868 0.134698 0.145514 0.196077 0.616727 0.566483 0.532603 0.703233
7.856654 0.386396 0.349440 0.338684 0.451233 0.157073 0.133412 0.145493 0.197722 0.615719 0.565469 0.531875 0.704744
7.872304 0.386014 0.348379 0.338426 0.452735 0.157487 0.132281 0.145497 0.199378 0.614541 0.564478 0.531355 0.706092
7.887955 0.385733 0.347334 0.338069 0.454123 0.157807 0.131184 0.145373 0.200838 0.613659 0.563485 0.530764 0.707407
7.903606 0.385479 0.346471 0.337865 0.455691 0.158116 0.130171 0.145346 0.202464 0.612842 0.562771 0.530384 0.708918
7.919257 0.385050 0.345600 0.337716 0.457146 0.158500 0.129194 0.145414 0.204045 0.611600 0.562006 0.530017 0.710246
7.934907 0.384716 0.344912 0.337615 0.458613 0.158849 0.128027 0.145307 0.205626 0.610584 0.561797 0.529924 0.711599
7.950558 0.384467 0.344202 0.337522 0.460067 0.159298 0.127149 0.145230 0.207286 0.609635 0.561254 0.529814 0.712848
7.966209 0.384378 0.343653 0.337590 0.461468 0.159895 0.126336 0.145347 0.208951 0.608862 0.560969 0.529832 0.713985
7.981859 0.384259 0.343229 0.337740 0.462801 0.160546 0.125815 0.145414 0.210489 0.607972 0.560643 0.530066 0.715113
7.997510 0.384151 0.342804 0.337889 0.464070 0.161203 0.125398 0.145496 0.211987 0.607099 0.560209 0.530282 0.716152
8.013161 0.384037 0.342467 0.338064 0.465245 0.161993 0.125008 0.145598 0.213531 0.606082 0.559925 0.530530 0.716958
8.028812 0.383995 0.342182 0.338333 0.466385 0.162682 0.124733 0.145897 0.215051 0.605308 0.559632 0.530770 0.717718
8.044462 0.383938 0.341996 0.338585 0.467502 0.163320 0.124453 0.145986 0.216511 0.604556 0.559538 0.531184 0.718492
8.060113 0.383944 0.341915 0.338887 0.468507 0.163990 0.124289 0.146124 0.217928 0.603898 0.559541 0.531651 0.719086
8.075764 0.384067 0.341873 0.339199 0.469385 0.164805 0.124250 0.146234 0.219387 0.603330 0.559496 0.532164 0.719383
8.091414 0.384237 0.341886 0.339565 0.470259 0.165594 0.124280 0.146294 0.220775 0.602879 0.559492 0.532836 0.719743
8.107065 0.384389 0.341959 0.340032 0.471137 0.166461 0.124501 0.146460 0.222262 0.602318 0.559416 0.533603 0.720012
8.122716 0.384569 0.342213 0.340534 0.471964 0.167364 0.124775 0.146670 0.223635 0.601774 0.559650 0.534397 0.720292
8.138366 0.384666 0.342584 0.341077 0.472581 0.168332 0.125033 0.146956 0.224763 0.601000 0.560135 0.535198 0.720399
8.154017 0.384827 0.342958 0.341706 0.473275 0.169127 0.125429 0.147157 0.225946 0.600526 0.560487 0.536255 0.720603
8.169668 0.384963 0.343356 0.342285 0.473986 0.169963 0.125883 0.147642 0.227213 0.599963 0.560829 0.536928 0.720759
8.185319 0.385047 0.343908 0.342880 0.474606 0.170826 0.126542 0.147848 0.228548 0.599268 0.561274 0.537913 0.720664
8.200969 0.385254 0.344492 0.343455 0.475227 0.171669 0.127118 0.148078 0.229768 0.598839 0.561865 0.538832 0.720686
8.216620 0.385596 0.345233 0.344059 0.475686 0.172380 0.127661 0.148296 0.230806 0.598812 0.562805 0.539821 0.720566
8.232271 0.385877 0.345963 0.344726 0.476100 0.173071 0.128319 0.148521 0.231841 0.598683 0.563608 0.540931 0.720359
8.247921 0.386282 0.346700 0.345372 0.476608 0.173815 0.128958 0.148819 0.232755 0.598748 0.564441 0.541926 0.720460
8.263572 0.386639 0.347454 0.346081 0.477025 0.174676 0.129625 0.149183 0.233668 0.598602 0.565284 0.542979 0.720382
8.279223 0.386965 0.348265 0.346765 0.477347 0.175549 0.130328 0.149600 0.234494 0.598382 0.566201 0.543931 0.720200
8.294874 0.387264 0.349066 0.347448 0.477423 0.176426 0.131003 0.150026 0.235090 0.598102 0.567128 0.544870 0.719757
8.310524 0.387694 0.349946 0.348203 0.477513 0.177151 0.131789 0.150317 0.235827 0.598237 0.568104 0.546088 0.719199
8.326175 0.388007 0.350939 0.349042 0.477687 0.178023 0.132497 0.150574 0.236529 0.597991 0.569382 0.547510 0.718844
8.341826 0.388313 0.351941 0.349845 0.477750 0.178915 0.133205 0.150766 0.237290 0.597711 0.570677 0.548923 0.718210
8.357476 0.388551 0.352909 0.350691 0.478026 0.179821 0.133919 0.151082 0.237967 0.597281 0.571899 0.550300 0.718084
8.373127 0.388791 0.353871 0.351498 0.478211 0.180566 0.134796 0.151362 0.238590 0.597015 0.572945 0.551635 0.717833
8.388778 0.388947 0.354892 0.352271 0.478420 0.181359 0.135681 0.151661 0.239211 0.596534 0.574103 0.552882 0.717630
8.404428 0.389062 0.355916 0.352926 0.478680 0.182319 0.136564 0.151931 0.239801 0.595805 0.575268 0.553920 0.717559
8.420079 0.389283 0.356918 0.353624 0.478885 0.183029 0.137404 0.152299 0.240218 0.595537 0.576432 0.554948 0.717553
8.435730 0.389489 0.357922 0.354387 0.479052 0.183664 0.138173 0.152577 0.240522 0.595313 0.577671 0.556196 0.717582
8.451381 0.389669 0.358867 0.355269 0.479307 0.184418 0.139005 0.153051 0.240931 0.594920 0.578729 0.557487 0.717683
8.467031 0.389851 0.359851 0.356053 0.479502 0.185013 0.139909 0.153411 0.241130 0.594689 0.579793 0.558696 0.717875
8.482682 0.390012 0.360816 0.356786 0.479651 0.185572 0.140884 0.153739 0.241275 0.594452 0.580748 0.559834 0.718027
8.498333 0.390177 0.361820 0.357523 0.479841 0.186082 0.141845 0.154101 0.241306 0.594273 0.581794 0.560945 0.718375
8.513983 0.390370 0.362827 0.358234 0.480067 0.186670 0.142831 0.154506 0.241605 0.594070 0.582824 0.561963 0.718530
8.529634 0.390626 0.363807 0.358942 0.480223 0.187266 0.143803 0.154920 0.241741 0.593987 0.583811 0.562964 0.718704
8.545285 0.390922 0.364747 0.359546 0.480410 0.187855 0.144772 0.155307 0.241775 0.593989 0.584723 0.563785 0.719045
8.560935 0.391155 0.365654 0.360089 0.480591 0.188382 0.145734 0.155739 0.241693 0.593929 0.585574 0.564438 0.719488
8.576586 0.391410 0.366455 0.360712 0.480768 0.188873 0.146636 0.156201 0.241609 0.593948 0.586275 0.565222 0.719928
8.592237 0.391748 0.367127 0.361292 0.480941 0.189499 0.147539 0.156575 0.241450 0.593998 0.586716 0.566008 0.720431
8.607888 0.391983 0.367741 0.361819 0.481185 0.189994 0.148454 0.157053 0.241311 0.593972 0.587028 0.566586 0.721059
8.623538 0.392288 0.368327 0.362347 0.481413 0.190535 0.149298 0.157498 0.241358 0.594042 0.587355 0.567197 0.721468
8.639189 0.392468 0.368990 0.362957 0.481664 0.191001 0.150246 0.157739 0.241147 0.593936 0.587733 0.568175 0.722180
8.654840 0.392735 0.369588 0.363491 0.481960 0.191373 0.151144 0.158136 0.240834 0.594098 0.588032 0.568846 0.723087
8.670490 0.392835 0.370201 0.363959 0.482293 0.191748 0.152095 0.158475 0.240372 0.593922 0.588307 0.569444 0.724214
8.686141 0.393030 0.370718 0.364385 0.482595 0.191962 0.153049 0.158789 0.240065 0.594098 0.588388 0.569981 0.725126
8.701792 0.393379 0.371229 0.364822 0.483035 0.192352 0.154031 0.159171 0.239719 0.594405 0.588426 0.570474 0.726350
8.717443 0.393735 0.371793 0.365296 0.483516 0.192520 0.155068 0.159504 0.239109 0.594950 0.588518 0.571087 0.727924
8.733093 0.394111 0.372312 0.365718 0.484041 0.192613 0.156027 0.159791 0.238528 0.595610 0.588597 0.571644 0.729553
8.748744 0.394476 0.372688 0.366072 0.484552 0.192786 0.156934 0.160021 0.237937 0.596166 0.588441 0.572122 0.731167
8.764395 0.394858 0.373031 0.366366 0.485118 0.192984 0.157896 0.160197 0.237186 0.596732 0.588166 0.572534 0.733051
8.780045 0.395196 0.373377 0.366677 0.485662 0.193037 0.158837 0.160472 0.236409 0.597355 0.587916 0.572882 0.734915
8.795696 0.395627 0.373581 0.366913 0.486317 0.192985 0.160152 0.160726 0.235642 0.598269 0.587010 0.573100 0.736993
8.811347 0.395988 0.373781 0.367120 0.487067 0.192916 0.161004 0.160973 0.234677 0.599059 0.586558 0.573267 0.739458
8.826997 0.396417 0.374005 0.367202 0.487745 0.193006 0.162008 0.161354 0.233739 0.599827 0.586003 0.573049 0.741752
8.842648 0.396767 0.374183 0.367214 0.488510 0.192912 0.162966 0.161402 0.232617 0.600622 0.585401 0.573027 0.744403
8.858299 0.397069 0.374290 0.367383 0.489366 0.192808 0.163815 0.161503 0.231493 0.601330 0.584765 0.573264 0.747238
8.873950 0.397426 0.374410 0.367420 0.490284 0.192734 0.164636 0.161609 0.230235 0.602117 0.584185 0.573231 0.750334
8.889600 0.397730 0.374575 0.367347 0.491245 0.192699 0.165533 0.161663 0.229007 0.602761 0.583618 0.573032 0.753483
8.905251 0.398285 0.374715 0.367215 0.492199 0.192596 0.166489 0.161650 0.227804 0.603973 0.582942 0.572781 0.756595
8.920902 0.398766 0.374842 0.367063 0.493145 0.192316 0.167406 0.161544 0.226523 0.605216 0.582279 0.572583 0.759768
8.936552 0.399185 0.374886 0.366895 0.493974 0.192059 0.168317 0.161326 0.225073 0.606310 0.581456 0.572464 0.762874
8.952203 0.399885 0.374860 0.366718 0.494830 0.191961 0.169199 0.161072 0.223325 0.607808 0.580522 0.572364 0.766334
8.967854 0.400565 0.374858 0.366590 0.495843 0.191751 0.170133 0.160731 0.221572 0.609379 0.579583 0.572449 0.770113
8.983505 0.401145 0.374979 0.366394 0.496782 0.191494 0.170967 0.160419 0.219665 0.610796 0.578991 0.572369 0.773898
8.999155 0.401691 0.375184 0.366209 0.497756 0.191157 0.171814 0.160113 0.217642 0.612225 0.578553 0.572305 0.777869
9.014806 0.402416 0.375151 0.366074 0.498787 0.190859 0.172653 0.159824 0.215638 0.613974 0.577649 0.572323 0.781935
9.030457 0.403047 0.375152 0.366040 0.499817 0.190558 0.173588 0.159514 0.213981 0.615536 0.576717 0.572565 0.785652
9.046107 0.403648 0.375022 0.366039 0.500839 0.190179 0.174571 0.159213 0.212269 0.617117 0.575473 0.572866 0.789408
9.061758 0.404358 0.374979 0.366075 0.501991 0.189876 0.175356 0.158858 0.210423 0.618840 0.574602 0.573292 0.793559
9.077409 0.405003 0.375083 0.366182 0.503012 0.189526 0.176060 0.158705 0.208435 0.620479 0.574106 0.573659 0.797590
9.093059 0.405638 0.375157 0.366109 0.504112 0.189233 0.176736 0.158442 0.206334 0.622043 0.573577 0.573776 0.801889
9.108710 0.406282 0.375203 0.366140 0.505220 0.188923 0.177497 0.158106 0.204356 0.623641 0.572909 0.574174 0.806084
9.124361 0.406868 0.375241 0.366258 0.506360 0.188570 0.178145 0.157846 0.202384 0.625165 0.572338 0.574671 0.810335
9.140012 0.407269 0.375316 0.366309 0.507465 0.188173 0.178845 0.157679 0.200327 0.626364 0.571788 0.574939 0.814602
9.155662 0.407759 0.375326 0.366472 0.508522 0.187842 0.179432 0.157487 0.198247 0.627675 0.571220 0.575457 0.818797
9.171313 0.408249 0.375237 0.366681 0.509736 0.187437 0.179945 0.157334 0.196303 0.629061 0.570529 0.576027 0.823168
9.186964 0.408665 0.375251 0.366954 0.510916 0.187174 0.180476 0.157182 0.194257 0.630156 0.570027 0.576726 0.827575
9.202614 0.409151 0.375259 0.367400 0.512150 0.186919 0.180937 0.157063 0.192419 0.631384 0.569582 0.577736 0.831880
9.218265 0.409593 0.375212 0.367667 0.513475 0.186670 0.181301 0.156829 0.190479 0.632515 0.569122 0.578505 0.836471
9.233916 0.410116 0.375135 0.368133 0.514827 0.186426 0.181527 0.156830 0.188619 0.633805 0.568743 0.579437 0.841035
9.249566 0.410655 0.375068 0.368652 0.516236 0.186209 0.181760 0.156852 0.187011 0.635100 0.568376 0.580453 0.845462
9.265217 0.411177 0.374870 0.369233 0.517587 0.186107 0.181791 0.156971 0.185192 0.636247 0.567949 0.581495 0.849982
9.280868 0.411687 0.374686 0.369841 0.519088 0.185846 0.181818 0.156983 0.183706 0.637528 0.567554 0.582699 0.854470
9.296519 0.412082 0.374539 0.370668 0.520625 0.185760 0.181759 0.157321 0.182264 0.638403 0.567320 0.584016 0.858987
9.312169 0.412556 0.374295 0.371535 0.522165 0.185635 0.181527 0.157716 0.180824 0.639478 0.567063 0.585353 0.863506
9.327820 0.412870 0.373992 0.372368 0.523750 0.185471 0.181172 0.158304 0.179263 0.640268 0.566813 0.586432 0.868236
9.343471 0.413191 0.373723 0.373176 0.525403 0.185313 0.180803 0.158745 0.177828 0.641070 0.566642 0.587607 0.872978
9.359121 0.413482 0.373361 0.374054 0.527050 0.185277 0.180312 0.159156 0.176407 0.641686 0.566409 0.588952 0.877694
9.374772 0.413692 0.373049 0.375041 0.528857 0.185177 0.179810 0.159597 0.175257 0.642207 0.566287 0.590485 0.882458
