0.596222 0.006626 0.004659 0.008592
0.695881 0.007066 0.005194 0.008938
0.795893 0.007575 0.005796 0.009354
0.897629 0.008109 0.006409 0.009809
1.000576 0.008606 0.006960 0.010253
1.105954 0.008957 0.007311 0.010604
1.209967 0.009136 0.007435 0.010838
1.315452 0.009100 0.007300 0.010899
1.422432 0.008901 0.007025 0.010777
1.524752 0.008614 0.006709 0.010518
1.630496 0.008305 0.006425 0.010185
1.735228 0.008065 0.006245 0.009884
1.837727 0.007969 0.006213 0.009725
1.942609 0.008016 0.006285 0.009747
2.047747 0.008186 0.006428 0.009944
2.158350 0.008402 0.006550 0.010254
2.261864 0.008596 0.006603 0.010590
2.365973 0.008803 0.006635 0.010971
2.470887 0.009058 0.006692 0.011423
2.574618 0.009358 0.006794 0.011922
2.679426 0.009644 0.006914 0.012373
2.784078 0.009855 0.007049 0.012660
2.887682 0.009941 0.007125 0.012756
2.989570 0.009899 0.007080 0.012717
3.092632 0.009791 0.006945 0.012637
3.194195 0.009718 0.006845 0.012591
3.297394 0.009717 0.006838 0.012596
3.400983 0.009775 0.006962 0.012588
3.506448 0.009897 0.007199 0.012595
3.607402 0.010071 0.007514 0.012628
3.710900 0.010297 0.007838 0.012755
3.816005 0.010534 0.008073 0.012994
3.922213 0.010773 0.008207 0.013338
4.026368 0.010980 0.008254 0.013707
4.129644 0.011093 0.008195 0.013991
4.231126 0.011102 0.008035 0.014168
4.332086 0.011054 0.007838 0.014269
4.432499 0.011036 0.007734 0.014337
4.535617 0.011077 0.007806 0.014347
4.637302 0.011161 0.008023 0.014299
4.738179 0.011180 0.008211 0.014150
4.838158 0.011109 0.008312 0.013907
4.937792 0.010978 0.008377 0.013579
5.039328 0.010876 0.008512 0.013241
5.138615 0.010881 0.008731 0.013031
5.250089 0.011028 0.008987 0.013069
5.360405 0.011319 0.009183 0.013455
5.462867 0.011697 0.009276 0.014118
5.561178 0.012022 0.009221 0.014822
5.658942 0.012180 0.009038 0.015321
5.755699 0.012182 0.008837 0.015527
5.850720 0.012105 0.008709 0.015501
5.947048 0.012028 0.008639 0.015417
6.042844 0.012019 0.008582 0.015457
6.138398 0.012099 0.008469 0.015729
6.234528 0.012255 0.008286 0.016224
6.330738 0.012441 0.008090 0.016793
6.426990 0.012595 0.007908 0.017282
6.521961 0.012687 0.007770 0.017604
6.617141 0.012713 0.007677 0.017749
6.713618 0.012702 0.007653 0.017750
6.807372 0.012687 0.007740 0.017633
6.902297 0.012681 0.007911 0.017450
6.998440 0.012709 0.008128 0.017291
7.094892 0.012818 0.008367 0.017269
7.191231 0.013010 0.008579 0.017441
7.284877 0.013273 0.008794 0.017752
7.378788 0.013533 0.009049 0.018017
7.475651 0.013708 0.009367 0.018049
7.570483 0.013758 0.009737 0.017779
7.665233 0.013668 0.010049 0.017287
7.760303 0.013499 0.010257 0.016740
7.853985 0.013312 0.010338 0.016286
7.950797 0.013164 0.010279 0.016048
8.047429 0.013135 0.010190 0.016081
8.142338 0.013256 0.010164 0.016349
8.236177 0.013491 0.010209 0.016773
8.329648 0.013745 0.010257 0.017232
8.426422 0.013929 0.010228 0.017630
8.521165 0.014009 0.010094 0.017924
8.618937 0.014049 0.009931 0.018166
8.715549 0.014156 0.009824 0.018488
8.809106 0.014433 0.009869 0.018997
8.906593 0.014870 0.010055 0.019685
9.002060 0.015377 0.010348 0.020406
9.098008 0.015854 0.010680 0.021029
9.195234 0.016223 0.010949 0.021498
9.291884 0.016498 0.011115 0.021881
9.389416 0.016719 0.011169 0.022270
9.483954 0.016960 0.011197 0.022722
9.579961 0.017239 0.011270 0.023208
9.674544 0.017539 0.011411 0.023666
9.770150 0.017829 0.011585 0.024073
9.865953 0.018080 0.011714 0.024446
9.961995 0.018265 0.011783 0.024746
10.057438 0.018413 0.011873 0.024952
10.151263 0.018571 0.012040 0.025102
10.247388 0.018797 0.012287 0.025308
10.343081 0.019096 0.012574 0.025619
10.440221 0.019451 0.012820 0.026082
10.536286 0.019850 0.013001 0.026699
10.632706 0.020264 0.013118 0.027409
10.727661 0.020662 0.013218 0.028105
10.825364 0.021054 0.013392 0.028716
10.921308 0.021505 0.013723 0.029288
11.019755 0.021999 0.014159 0.029839
11.115133 0.022455 0.014576 0.030334
11.209218 0.022807 0.014892 0.030723
11.306224 0.023056 0.015103 0.031009
11.400749 0.023239 0.015253 0.031225
11.495143 0.023391 0.015375 0.031408
11.588843 0.023513 0.015449 0.031577
11.686954 0.023636 0.015478 0.031793
11.782301 0.023819 0.015525 0.032112
11.876459 0.024112 0.015643 0.032581
11.972683 0.024534 0.015890 0.033177
12.069202 0.025028 0.016221 0.033835
12.165351 0.025514 0.016531 0.034496
12.262601 0.025986 0.016787 0.035185
12.359834 0.026451 0.016964 0.035937
12.456539 0.026936 0.017074 0.036797
12.552548 0.027491 0.017197 0.037785
12.648541 0.028094 0.017363 0.038824
12.745085 0.028670 0.017577 0.039762
12.843712 0.029177 0.017837 0.040517
12.939055 0.029618 0.018118 0.041117
13.035269 0.030048 0.018431 0.041665
13.128761 0.030531 0.018761 0.042301
13.223580 0.031079 0.019057 0.043102
13.318636 0.031683 0.019297 0.044069
13.414265 0.032289 0.019487 0.045091
13.509706 0.032816 0.019614 0.046019
13.606139 0.033268 0.019692 0.046843
13.702027 0.033651 0.019701 0.047601
13.797703 0.033972 0.019605 0.048338
13.895657 0.034252 0.019410 0.049095
13.991031 0.034554 0.019196 0.049912
14.089456 0.034943 0.019126 0.050760
14.186279 0.035465 0.019292 0.051637
14.282004 0.036089 0.019662 0.052516
14.378184 0.036748 0.020154 0.053343
14.473358 0.037359 0.020690 0.054028
14.572495 0.037874 0.021229 0.054520
14.669022 0.038300 0.021753 0.054847
14.763091 0.038660 0.022238 0.055082
14.857559 0.039013 0.022699 0.055328
14.953651 0.039399 0.023171 0.055626
15.050331 0.039855 0.023679 0.056032
15.145141 0.040399 0.024230 0.056567
15.243090 0.041010 0.024800 0.057220
15.339792 0.041640 0.025356 0.057924
15.435821 0.042265 0.025856 0.058675
15.533427 0.042874 0.026282 0.059466
15.629679 0.043458 0.026661 0.060256
15.725363 0.043953 0.026985 0.060920
15.822606 0.044294 0.027208 0.061380
15.918427 0.044501 0.027320 0.061681
16.015186 0.044667 0.027356 0.061977
16.112189 0.044964 0.027418 0.062511
16.207388 0.045489 0.027567 0.063411
16.306196 0.046242 0.027869 0.064616
16.403708 0.047118 0.028323 0.065914
16.500853 0.048019 0.028879 0.067160
16.595160 0.048884 0.029459 0.068309
16.688853 0.049666 0.029981 0.069352
16.785644 0.050325 0.030379 0.070270
16.882690 0.050824 0.030613 0.071036
16.980643 0.051190 0.030729 0.071651
17.078354 0.051490 0.030805 0.072176
17.174304 0.051805 0.030929 0.072682
17.269739 0.052214 0.031187 0.073240
17.364276 0.052752 0.031634 0.073870
17.458954 0.053381 0.032221 0.074541
17.557034 0.054020 0.032816 0.075224
17.655699 0.054568 0.033260 0.075876
17.752789 0.054983 0.033469 0.076496
17.849953 0.055271 0.033418 0.077125
17.948541 0.055477 0.033125 0.077830
18.046930 0.055702 0.032719 0.078685
18.145580 0.056033 0.032336 0.079730
18.241464 0.056496 0.032100 0.080892
18.338122 0.057068 0.032099 0.082037
18.432901 0.057686 0.032388 0.082983
18.528055 0.058317 0.032965 0.083669
18.622608 0.058953 0.033784 0.084123
18.719320 0.059583 0.034756 0.084411
18.816732 0.060156 0.035706 0.084606
18.912136 0.060635 0.036512 0.084759
19.007000 0.061003 0.037085 0.084922
19.103067 0.061293 0.037521 0.085065
19.199069 0.061609 0.037955 0.085262
19.294026 0.061988 0.038463 0.085513
19.391287 0.062513 0.039076 0.085951
19.485361 0.063255 0.039766 0.086743
19.580445 0.064215 0.040482 0.087948
19.675368 0.065284 0.041127 0.089440
19.774373 0.066322 0.041684 0.090961
19.870561 0.067259 0.042235 0.092283
19.964612 0.068106 0.042892 0.093319
20.058782 0.068893 0.043664 0.094122
20.154103 0.069636 0.044507 0.094766
20.250239 0.070414 0.045350 0.095478
20.344364 0.071261 0.046200 0.096321
20.438576 0.072179 0.047065 0.097293
20.534931 0.073127 0.047953 0.098302
20.632595 0.074036 0.048845 0.099227
20.726795 0.074839 0.049663 0.100015
20.820898 0.075496 0.050301 0.100691
20.915325 0.076018 0.050725 0.101311
21.011515 0.076429 0.050951 0.101908
21.108169 0.076797 0.051078 0.102516
21.203988 0.077219 0.051249 0.103188
21.300885 0.077753 0.051503 0.104003
21.395159 0.078418 0.051814 0.105022
21.489961 0.079164 0.052121 0.106207
21.585754 0.079953 0.052422 0.107484
21.681701 0.080758 0.052743 0.108774
21.775701 0.081529 0.053055 0.110002
21.870491 0.082242 0.053378 0.111107
21.965217 0.082907 0.053730 0.112084
22.059869 0.083518 0.054096 0.112940
22.154810 0.084035 0.054414 0.113656
22.249970 0.084416 0.054676 0.114156
22.344337 0.084701 0.054969 0.114434
22.439840 0.084966 0.055385 0.114548
22.535103 0.085247 0.055922 0.114572
22.629824 0.085565 0.056499 0.114631
22.724663 0.085964 0.057015 0.114913
22.818705 0.086449 0.057381 0.115517
22.916199 0.086994 0.057597 0.116392
23.011695 0.087571 0.057726 0.117416
23.108917 0.088168 0.057841 0.118496
23.203960 0.088780 0.057997 0.119563
23.298821 0.089405 0.058254 0.120557
23.395338 0.090055 0.058644 0.121466
23.492172 0.090760 0.059202 0.122318
23.587671 0.091551 0.059917 0.123184
23.684277 0.092404 0.060708 0.124099
23.778420 0.093278 0.061477 0.125078
23.874865 0.094103 0.062152 0.126054
23.969297 0.094859 0.062737 0.126981
24.065709 0.095563 0.063288 0.127838
24.161813 0.096218 0.063811 0.128625
24.256469 0.096820 0.064297 0.129343
24.352540 0.097386 0.064732 0.130040
24.450120 0.097924 0.065089 0.130759
24.547004 0.098443 0.065358 0.131528
24.644154 0.098887 0.065507 0.132268
24.739969 0.099250 0.065607 0.132893
24.834762 0.099541 0.065711 0.133371
24.929495 0.099821 0.065902 0.133741
25.024823 0.100172 0.066232 0.134112
25.121165 0.100652 0.066700 0.134605
25.216769 0.101220 0.067220 0.135220
25.311381 0.101797 0.067693 0.135902
25.408760 0.102320 0.068063 0.136577
25.503543 0.102827 0.068365 0.137289
25.598935 0.103404 0.068687 0.138121
25.694517 0.104037 0.069045 0.139029
25.790365 0.104707 0.069472 0.139943
25.885551 0.105327 0.069940 0.140714
25.978292 0.105836 0.070419 0.141252
26.074127 0.106259 0.070898 0.141619
26.169164 0.106681 0.071394 0.141969
26.265338 0.107183 0.071871 0.142495
26.360755 0.107792 0.072326 0.143258
26.455167 0.108481 0.072784 0.144178
26.548556 0.109171 0.073253 0.145088
26.642879 0.109785 0.073752 0.145818
26.739155 0.110303 0.074267 0.146339
26.833416 0.110788 0.074779 0.146796
26.930677 0.111302 0.075234 0.147370
27.028120 0.111815 0.075551 0.148078
27.124318 0.112232 0.075653 0.148810
27.220842 0.112499 0.075539 0.149460
27.315567 0.112656 0.075280 0.150032
27.409454 0.112780 0.075008 0.150551
27.505504 0.112969 0.074846 0.151092
27.600597 0.113291 0.074869 0.151714
27.696315 0.113770 0.075092 0.152449
27.791718 0.114401 0.075518 0.153283
27.887674 0.115119 0.076060 0.154179
27.984910 0.115890 0.076687 0.155092
28.080676 0.116690 0.077394 0.155987
28.175997 0.117479 0.078128 0.156830
28.273360 0.118210 0.078865 0.157555
28.370626 0.118850 0.079539 0.158161
28.466531 0.119388 0.080087 0.158689
28.560669 0.119848 0.080484 0.159211
28.657042 0.120259 0.080755 0.159762
28.753471 0.120653 0.080894 0.160412
28.848628 0.121059 0.080931 0.161187
28.943778 0.121455 0.080860 0.162051
29.037584 0.121834 0.080710 0.162958
29.132051 0.122224 0.080590 0.163858
29.227560 0.122657 0.080581 0.164733
29.324335 0.123164 0.080739 0.165590
29.421447 0.123752 0.081059 0.166444
29.517939 0.124412 0.081515 0.167309
29.614325 0.125131 0.082086 0.168177
29.709351 0.125832 0.082673 0.168991
29.807122 0.126435 0.083165 0.169705
29.902587 0.126904 0.083477 0.170330
29.997727 0.127266 0.083638 0.170894
30.091130 0.127614 0.083700 0.171527
30.186825 0.128028 0.083757 0.172299
30.283262 0.128523 0.083851 0.173194
30.378780 0.129095 0.084024 0.174167
30.473918 0.129707 0.084269 0.175145
30.571274 0.130303 0.084566 0.176039
30.667069 0.130829 0.084851 0.176808
30.762976 0.131270 0.085101 0.177439
30.860625 0.131662 0.085375 0.177949
30.956385 0.132076 0.085725 0.178428
31.050927 0.132559 0.086158 0.178959
31.146455 0.133133 0.086641 0.179625
31.241858 0.133809 0.087174 0.180444
31.335503 0.134580 0.087792 0.181368
31.428835 0.135360 0.088476 0.182243
31.522575 0.136042 0.089156 0.182928
31.620329 0.136545 0.089741 0.183349
31.713726 0.136864 0.090182 0.183546
