1.225799 0.006042 0.003409 0.008674
1.321308 0.006047 0.003365 0.008728
1.419760 0.006082 0.003397 0.008766
1.518827 0.006207 0.003596 0.008818
1.617175 0.006460 0.004001 0.008919
1.721586 0.006857 0.004584 0.009130
1.820972 0.007341 0.005263 0.009419
1.918655 0.007815 0.005915 0.009715
2.016989 0.008208 0.006422 0.009994
2.114856 0.008495 0.006733 0.010257
2.213643 0.008650 0.006816 0.010484
2.311468 0.008693 0.006697 0.010690
2.409620 0.008666 0.006462 0.010870
2.509247 0.008587 0.006166 0.011008
2.609753 0.008487 0.005885 0.011089
2.711028 0.008366 0.005604 0.011128
2.809725 0.008271 0.005351 0.011190
2.908618 0.008247 0.005217 0.011277
3.007862 0.008350 0.005325 0.011375
3.109392 0.008608 0.005723 0.011493
3.210379 0.008997 0.006348 0.011646
3.312676 0.009397 0.006961 0.011833
3.415306 0.009696 0.007333 0.012060
3.516596 0.009799 0.007296 0.012302
3.619716 0.009728 0.006860 0.012597
3.719785 0.009586 0.006270 0.012901
3.822403 0.009460 0.005739 0.013181
3.922166 0.009386 0.005336 0.013435
4.023267 0.009394 0.005083 0.013705
4.124080 0.009473 0.004940 0.014006
4.225642 0.009591 0.004887 0.014295
4.324096 0.009722 0.004885 0.014558
4.422870 0.009846 0.004895 0.014796
4.520429 0.009936 0.004887 0.014984
4.619300 0.009951 0.004827 0.015075
4.717388 0.009925 0.004753 0.015097
4.816698 0.009940 0.004810 0.015070
4.919785 0.010057 0.005123 0.014991
5.019210 0.010215 0.005661 0.014770
5.117458 0.010340 0.006293 0.014388
5.223541 0.010374 0.006837 0.013910
5.328260 0.010318 0.007174 0.013462
5.426036 0.010226 0.007264 0.013188
5.520879 0.010141 0.007114 0.013168
5.616228 0.010087 0.006834 0.013341
5.709911 0.010054 0.006576 0.013533
5.804912 0.010043 0.006431 0.013654
5.900308 0.010044 0.006382 0.013706
5.994538 0.010069 0.006366 0.013772
6.088908 0.010091 0.006297 0.013885
6.185064 0.010098 0.006127 0.014068
6.279328 0.010093 0.005865 0.014321
6.373493 0.010069 0.005553 0.014586
6.467299 0.010058 0.005238 0.014877
6.563390 0.010109 0.005016 0.015202
6.657385 0.010267 0.004954 0.015579
6.752678 0.010554 0.005072 0.016035
6.848235 0.010928 0.005302 0.016553
6.942613 0.011289 0.005540 0.017038
7.038065 0.011584 0.005761 0.017408
7.135174 0.011769 0.005895 0.017644
7.231245 0.011825 0.005896 0.017755
7.325860 0.011790 0.005755 0.017826
7.419003 0.011702 0.005478 0.017926
7.513541 0.011591 0.005073 0.018109
7.609756 0.011492 0.004645 0.018340
7.705671 0.011460 0.004352 0.018569
7.801119 0.011522 0.004325 0.018719
7.897255 0.011676 0.004555 0.018797
7.993767 0.011847 0.004847 0.018847
8.088478 0.012007 0.005031 0.018984
8.183424 0.012146 0.005022 0.019270
8.277937 0.012271 0.004897 0.019645
8.370970 0.012406 0.004813 0.020000
8.467894 0.012607 0.004912 0.020301
8.562850 0.012898 0.005221 0.020575
8.658112 0.013252 0.005642 0.020861
8.753641 0.013624 0.006031 0.021217
8.847448 0.013945 0.006225 0.021665
8.942993 0.014200 0.006241 0.022160
9.037644 0.014373 0.006140 0.022606
9.134156 0.014495 0.006047 0.022943
9.228445 0.014571 0.006015 0.023128
9.323695 0.014634 0.006079 0.023188
9.418599 0.014723 0.006236 0.023211
9.513252 0.014888 0.006453 0.023323
9.607471 0.015109 0.006669 0.023548
9.702071 0.015359 0.006877 0.023841
9.794369 0.015616 0.007106 0.024125
9.889114 0.015864 0.007355 0.024373
9.983317 0.016073 0.007594 0.024552
10.075843 0.016199 0.007786 0.024611
10.169241 0.016237 0.007858 0.024616
10.262569 0.016226 0.007787 0.024664
10.359884 0.016221 0.007642 0.024800
10.454165 0.016260 0.007500 0.025020
10.547716 0.016395 0.007408 0.025383
10.644891 0.016627 0.007385 0.025869
10.738181 0.016963 0.007449 0.026477
10.833487 0.017407 0.007689 0.027125
10.926931 0.017977 0.008166 0.027787
11.021253 0.018627 0.008860 0.028394
11.115820 0.019328 0.009702 0.028954
11.211429 0.020029 0.010570 0.029488
11.305655 0.020684 0.011341 0.030027
11.398624 0.021225 0.011912 0.030538
11.492706 0.021604 0.012183 0.031024
11.587092 0.021864 0.012186 0.031542
11.679936 0.022114 0.012018 0.032209
11.772533 0.022420 0.011816 0.033024
11.865428 0.022758 0.011652 0.033863
11.959902 0.023074 0.011519 0.034630
12.054486 0.023365 0.011421 0.035309
12.150916 0.023677 0.011391 0.035963
12.246792 0.024042 0.011517 0.036567
12.340844 0.024469 0.011854 0.037084
12.433587 0.024900 0.012293 0.037508
12.528176 0.025265 0.012616 0.037914
12.622775 0.025475 0.012589 0.038360
12.718358 0.025565 0.012195 0.038935
12.810036 0.025649 0.011654 0.039644
12.903729 0.025868 0.011326 0.040411
12.997877 0.026269 0.011416 0.041122
13.091907 0.026824 0.011899 0.041750
13.185291 0.027435 0.012575 0.042296
13.279970 0.028015 0.013233 0.042797
13.375059 0.028513 0.013736 0.043290
13.470125 0.028910 0.014037 0.043783
13.565075 0.029239 0.014187 0.044292
13.658606 0.029542 0.014252 0.044833
13.755297 0.029892 0.014324 0.045460
13.851546 0.030366 0.014539 0.046193
13.947316 0.030995 0.015028 0.046962
14.043896 0.031687 0.015789 0.047586
14.141562 0.032306 0.016673 0.047940
14.237323 0.032781 0.017488 0.048074
14.331039 0.033127 0.018126 0.048128
14.425645 0.033432 0.018588 0.048275
14.519234 0.033806 0.019025 0.048588
14.612823 0.034330 0.019634 0.049025
14.708038 0.034980 0.020474 0.049487
14.802273 0.035640 0.021395 0.049885
14.896818 0.036229 0.022236 0.050221
14.990773 0.036712 0.022872 0.050552
15.085698 0.037148 0.023332 0.050965
15.180264 0.037613 0.023706 0.051521
15.275469 0.038174 0.024126 0.052223
15.369240 0.038818 0.024668 0.052967
15.466078 0.039437 0.025264 0.053609
15.561157 0.039933 0.025779 0.054087
15.653644 0.040289 0.026150 0.054428
15.749501 0.040573 0.026463 0.054684
15.843507 0.040865 0.026817 0.054913
15.937847 0.041228 0.027290 0.055166
16.034383 0.041661 0.027876 0.055446
16.129234 0.042193 0.028584 0.055802
16.223948 0.042848 0.029435 0.056262
16.318599 0.043652 0.030413 0.056890
16.415339 0.044618 0.031521 0.057714
16.512183 0.045687 0.032701 0.058672
16.609196 0.046787 0.033872 0.059703
16.703424 0.047827 0.034972 0.060683
16.800371 0.048767 0.036020 0.061513
16.894684 0.049594 0.037021 0.062167
16.988407 0.050343 0.037922 0.062765
17.082178 0.051049 0.038616 0.063482
17.178560 0.051729 0.039061 0.064396
17.273826 0.052360 0.039273 0.065446
17.370397 0.052872 0.039264 0.066479
17.465724 0.053220 0.039063 0.067377
17.563144 0.053397 0.038648 0.068147
17.658636 0.053412 0.038000 0.068824
17.756742 0.053329 0.037237 0.069420
17.851658 0.053255 0.036533 0.069978
17.945879 0.053290 0.036057 0.070524
18.039631 0.053504 0.035867 0.071140
18.134579 0.053945 0.035987 0.071902
18.228096 0.054615 0.036423 0.072807
18.322003 0.055466 0.037138 0.073794
18.417840 0.056411 0.038081 0.074741
18.512358 0.057397 0.039225 0.075569
18.608345 0.058428 0.040517 0.076340
18.703575 0.059458 0.041860 0.077056
18.799359 0.060427 0.043169 0.077685
18.894681 0.061295 0.044377 0.078214
18.991085 0.062066 0.045482 0.078651
19.085939 0.062802 0.046551 0.079053
19.182426 0.063568 0.047627 0.079509
19.274562 0.064393 0.048736 0.080050
19.369107 0.065258 0.049813 0.080703
19.463479 0.066143 0.050822 0.081464
19.559303 0.066994 0.051762 0.082226
19.656822 0.067753 0.052637 0.082869
19.750244 0.068393 0.053440 0.083345
19.845243 0.068932 0.054178 0.083686
19.941492 0.069419 0.054871 0.083966
20.035656 0.069853 0.055527 0.084178
20.129786 0.070233 0.056166 0.084301
20.224455 0.070553 0.056733 0.084374
20.318541 0.070849 0.057208 0.084490
20.416092 0.071155 0.057586 0.084725
20.511670 0.071566 0.057999 0.085133
20.608103 0.072162 0.058590 0.085734
20.702256 0.072941 0.059379 0.086503
20.797184 0.073866 0.060346 0.087385
20.889921 0.074885 0.061453 0.088317
20.986140 0.075971 0.062715 0.089228
21.081377 0.077114 0.064173 0.090054
21.176387 0.078298 0.065801 0.090796
21.273062 0.079515 0.067467 0.091563
21.367352 0.080709 0.068955 0.092462
21.462836 0.081805 0.070066 0.093545
21.557961 0.082781 0.070791 0.094772
21.651238 0.083637 0.071259 0.096014
21.745765 0.084391 0.071664 0.097117
21.839201 0.085102 0.072235 0.097969
21.935325 0.085885 0.073195 0.098575
22.029395 0.086851 0.074657 0.099046
22.123483 0.087979 0.076476 0.099481
22.217227 0.089131 0.078262 0.100000
22.311824 0.090125 0.079626 0.100624
22.406166 0.090858 0.080386 0.101330
22.503056 0.091358 0.080670 0.102047
22.599132 0.091776 0.080777 0.102774
22.693433 0.092283 0.080954 0.103612
22.790380 0.093010 0.081355 0.104664
22.886502 0.093974 0.081934 0.106014
22.981369 0.095113 0.082622 0.107604
23.076097 0.096270 0.083286 0.109254
23.170682 0.097270 0.083790 0.110751
23.265515 0.097983 0.083980 0.111986
23.360385 0.098404 0.083899 0.112909
23.454803 0.098587 0.083640 0.113535
23.549837 0.098696 0.083409 0.113982
23.645402 0.098920 0.083501 0.114339
23.740217 0.099433 0.084171 0.114694
23.834628 0.100261 0.085437 0.115085
23.928844 0.101261 0.086956 0.115565
24.023713 0.102268 0.088358 0.116178
24.119403 0.103184 0.089379 0.116988
24.212550 0.104029 0.090046 0.118011
24.308363 0.104865 0.090475 0.119254
24.403108 0.105783 0.090947 0.120620
24.500010 0.106757 0.091521 0.121992
24.597081 0.107747 0.092184 0.123309
24.692720 0.108662 0.092854 0.124469
24.795425 0.109443 0.093491 0.125395
24.897815 0.110123 0.094176 0.126070
24.996213 0.110777 0.094994 0.126561
25.092155 0.111455 0.095977 0.126933
25.188534 0.112141 0.097068 0.127214
25.284441 0.112779 0.098172 0.127386
25.377575 0.113354 0.099249 0.127460
25.474127 0.113898 0.100361 0.127435
25.568408 0.114443 0.101537 0.127348
25.663153 0.115016 0.102751 0.127282
25.758495 0.115609 0.103884 0.127334
25.852752 0.116201 0.104832 0.127570
25.948105 0.116823 0.105566 0.128081
26.042089 0.117490 0.106088 0.128891
26.137946 0.118139 0.106335 0.129943
26.231411 0.118676 0.106277 0.131076
26.327723 0.119037 0.105929 0.132144
26.423034 0.119260 0.105436 0.133084
26.521550 0.119483 0.105048 0.133918
26.619643 0.119839 0.104960 0.134717
26.715870 0.120377 0.105196 0.135557
26.809833 0.121014 0.105551 0.136477
26.905162 0.121638 0.105857 0.137419
26.999658 0.122175 0.106050 0.138300
27.096922 0.122589 0.106142 0.139037
27.193274 0.122895 0.106181 0.139609
27.289934 0.123146 0.106204 0.140088
27.386821 0.123370 0.106213 0.140527
27.481497 0.123563 0.106186 0.140941
27.575171 0.123737 0.106160 0.141314
27.670089 0.123956 0.106170 0.141743
27.764694 0.124285 0.106228 0.142343
27.860374 0.124751 0.106198 0.143304
27.955120 0.125350 0.105970 0.144730
28.048935 0.126060 0.105567 0.146553
28.144463 0.126801 0.105128 0.148474
28.238558 0.127496 0.104843 0.150148
28.337404 0.128117 0.104826 0.151408
28.432442 0.128692 0.105078 0.152306
28.526129 0.129285 0.105543 0.153027
28.620942 0.129937 0.106126 0.153748
28.717297 0.130621 0.106638 0.154603
28.812749 0.131240 0.106957 0.155523
28.909029 0.131712 0.106986 0.156438
29.008583 0.131975 0.106699 0.157251
29.111362 0.132054 0.106177 0.157930
29.211514 0.132022 0.105595 0.158449
29.308757 0.131980 0.105179 0.158780
29.406327 0.132021 0.105072 0.158971
29.500648 0.132185 0.105291 0.159079
29.596669 0.132489 0.105793 0.159186
29.691099 0.132925 0.106461 0.159390
29.785535 0.133437 0.107117 0.159756
29.880386 0.134024 0.107684 0.160363
29.974802 0.134700 0.108192 0.161209
30.070861 0.135425 0.108730 0.162120
30.164311 0.136172 0.109403 0.162941
30.261221 0.136885 0.110170 0.163599
30.356773 0.137517 0.110938 0.164095
30.453523 0.138036 0.111603 0.164469
