1.042827 0.007472 0.002761 0.012183
1.142410 0.007675 0.003016 0.012334
1.243245 0.007964 0.003364 0.012565
1.345190 0.008364 0.003797 0.012930
1.444760 0.008857 0.004244 0.013470
1.544590 0.009369 0.004595 0.014143
1.646529 0.009813 0.004775 0.014850
1.747393 0.010121 0.004768 0.015475
1.848673 0.010348 0.004700 0.015996
1.949611 0.010550 0.004694 0.016406
2.050795 0.010749 0.004733 0.016764
2.151502 0.010932 0.004750 0.017114
2.254310 0.011098 0.004682 0.017515
2.358758 0.011297 0.004585 0.018010
2.461563 0.011610 0.004588 0.018631
2.565526 0.012055 0.004835 0.019274
2.671968 0.012576 0.005306 0.019847
2.777006 0.013138 0.005938 0.020337
2.882435 0.013703 0.006551 0.020855
2.984767 0.014297 0.007074 0.021520
3.088723 0.014951 0.007581 0.022322
3.191942 0.015614 0.008089 0.023140
3.295591 0.016200 0.008611 0.023788
3.398401 0.016622 0.009103 0.024141
3.500127 0.016854 0.009509 0.024200
3.603610 0.017014 0.009868 0.024160
3.707460 0.017264 0.010289 0.024238
3.809753 0.017696 0.010827 0.024564
3.912249 0.018314 0.011514 0.025114
4.014921 0.019004 0.012255 0.025752
4.118054 0.019610 0.012904 0.026315
4.221476 0.020057 0.013404 0.026710
4.324036 0.020318 0.013730 0.026906
4.428780 0.020494 0.013992 0.026995
4.531963 0.020698 0.014310 0.027085
4.639610 0.020983 0.014755 0.027211
4.741690 0.021349 0.015278 0.027420
4.882371 0.021759 0.015792 0.027725
4.982450 0.022178 0.016153 0.028204
5.083876 0.022562 0.016279 0.028845
5.186628 0.022902 0.016204 0.029600
5.295823 0.023200 0.016055 0.030344
5.407167 0.023511 0.016007 0.031015
5.511059 0.023871 0.016185 0.031557
5.610197 0.024302 0.016596 0.032007
5.710830 0.024798 0.017168 0.032427
5.814163 0.025338 0.017791 0.032884
5.918361 0.025886 0.018349 0.033423
6.015876 0.026428 0.018859 0.033998
6.113332 0.026993 0.019342 0.034644
6.211847 0.027619 0.019854 0.035384
6.310585 0.028336 0.020448 0.036224
6.410506 0.029127 0.021126 0.037128
6.508229 0.029939 0.021828 0.038050
6.606155 0.030684 0.022443 0.038925
6.702749 0.031313 0.022913 0.039713
6.800614 0.031846 0.023269 0.040422
6.899511 0.032338 0.023587 0.041090
6.996717 0.032839 0.023921 0.041756
7.093904 0.033379 0.024346 0.042412
7.192214 0.033942 0.024855 0.043029
7.287315 0.034493 0.025404 0.043583
7.385530 0.034994 0.025948 0.044039
7.483425 0.035423 0.026433 0.044413
7.580226 0.035779 0.026818 0.044739
7.675752 0.036059 0.027061 0.045058
7.773621 0.036323 0.027177 0.045468
7.872138 0.036596 0.027258 0.045934
7.970511 0.036938 0.027413 0.046462
8.070171 0.037414 0.027754 0.047074
8.168718 0.038045 0.028330 0.047759
8.266787 0.038790 0.029117 0.048462
8.363621 0.039558 0.030010 0.049106
8.462307 0.040248 0.030863 0.049633
8.560749 0.040806 0.031593 0.050018
8.658412 0.041194 0.032128 0.050260
8.754601 0.041451 0.032470 0.050431
8.850188 0.041679 0.032647 0.050711
8.948868 0.041946 0.032702 0.051191
9.047158 0.042286 0.032692 0.051879
9.143202 0.042698 0.032715 0.052680
9.241035 0.043144 0.032823 0.053465
9.337436 0.043609 0.033065 0.054152
9.435562 0.044101 0.033465 0.054736
9.533326 0.044613 0.033984 0.055242
9.633075 0.045137 0.034575 0.055698
9.731079 0.045656 0.035166 0.056146
9.831096 0.046149 0.035720 0.056577
9.930921 0.046632 0.036252 0.057012
10.027790 0.047040 0.036673 0.057408
10.126184 0.047353 0.036949 0.057757
10.223830 0.047572 0.037067 0.058076
10.320445 0.047743 0.037119 0.058367
10.418818 0.047954 0.037246 0.058662
10.516560 0.048304 0.037624 0.058985
10.613154 0.048836 0.038324 0.059347
10.709942 0.049536 0.039299 0.059774
10.807011 0.050312 0.040369 0.060255
10.905818 0.051062 0.041329 0.060795
11.002041 0.051790 0.042161 0.061419
11.098133 0.052515 0.042960 0.062069
11.195247 0.053313 0.043918 0.062707
11.294811 0.054179 0.045062 0.063297
11.393044 0.055071 0.046321 0.063820
11.491758 0.055944 0.047549 0.064339
11.590883 0.056771 0.048619 0.064924
11.688896 0.057543 0.049482 0.065604
11.787943 0.058250 0.050125 0.066376
11.886769 0.058879 0.050582 0.067176
11.985753 0.059434 0.050917 0.067951
12.085381 0.059978 0.051266 0.068690
12.183407 0.060570 0.051733 0.069406
12.281237 0.061262 0.052339 0.070185
12.381463 0.062060 0.052995 0.071124
12.478174 0.062943 0.053585 0.072300
12.576202 0.063909 0.054061 0.073757
12.673890 0.064922 0.054397 0.075447
12.772835 0.065943 0.054652 0.077234
12.872056 0.066905 0.054832 0.078978
12.969942 0.067767 0.054957 0.080577
13.068418 0.068510 0.055073 0.081948
13.167634 0.069175 0.055278 0.083072
13.267441 0.069818 0.055724 0.083912
13.365976 0.070460 0.056477 0.084442
13.465633 0.071097 0.057486 0.084708
13.563921 0.071707 0.058620 0.084793
13.661329 0.072299 0.059718 0.084880
13.759366 0.072890 0.060692 0.085089
13.856793 0.073520 0.061519 0.085520
13.954426 0.074228 0.062221 0.086236
14.053202 0.075037 0.062886 0.087188
14.153235 0.075899 0.063580 0.088217
14.252665 0.076804 0.064345 0.089264
14.351694 0.077766 0.065150 0.090382
14.448942 0.078773 0.065943 0.091603
14.548141 0.079742 0.066632 0.092852
14.645748 0.080555 0.067128 0.093981
14.745545 0.081152 0.067363 0.094941
14.844589 0.081561 0.067338 0.095784
14.943072 0.081848 0.067136 0.096561
15.041683 0.082124 0.066891 0.097357
15.138679 0.082503 0.066738 0.098269
15.238106 0.083041 0.066746 0.099336
15.337159 0.083753 0.066974 0.100532
15.434247 0.084537 0.067381 0.101694
15.532585 0.085295 0.067956 0.102634
15.631166 0.085963 0.068637 0.103289
15.730887 0.086525 0.069343 0.103707
15.828620 0.087023 0.070001 0.104046
15.925392 0.087549 0.070598 0.104500
16.021740 0.088176 0.071207 0.105144
16.120020 0.088894 0.071847 0.105942
16.219170 0.089612 0.072456 0.106767
16.317140 0.090206 0.072891 0.107521
16.415554 0.090601 0.073051 0.108152
16.514268 0.090789 0.072940 0.108639
16.612284 0.090823 0.072626 0.109020
16.711585 0.090796 0.072275 0.109316
16.809423 0.090793 0.072077 0.109508
16.908051 0.090873 0.072120 0.109627
17.009675 0.091061 0.072385 0.109738
17.108281 0.091364 0.072745 0.109983
17.207248 0.091812 0.073150 0.110474
17.305527 0.092427 0.073632 0.111222
17.404219 0.093199 0.074271 0.112127
17.500668 0.094112 0.075134 0.113091
17.597755 0.095127 0.076196 0.114058
17.696490 0.096178 0.077300 0.115055
17.795135 0.097167 0.078243 0.116091
17.892234 0.098080 0.078969 0.117190
17.990516 0.098960 0.079542 0.118379
18.087043 0.099808 0.080044 0.119572
18.184810 0.100603 0.080500 0.120707
18.284639 0.101281 0.080842 0.121720
18.383935 0.101814 0.081023 0.122605
18.482722 0.102210 0.081048 0.123371
18.579375 0.102507 0.080990 0.124024
18.676721 0.102766 0.080959 0.124574
18.774626 0.103061 0.081088 0.125034
18.873270 0.103372 0.081326 0.125418
18.972571 0.103653 0.081542 0.125764
19.070852 0.103887 0.081666 0.126107
19.167593 0.104065 0.081683 0.126446
19.266396 0.104282 0.081739 0.126825
19.365172 0.104609 0.082033 0.127186
19.463424 0.105063 0.082673 0.127454
19.562015 0.105558 0.083573 0.127542
19.662574 0.105968 0.084524 0.127412
19.761177 0.106241 0.085391 0.127091
19.860162 0.106432 0.086193 0.126672
19.960149 0.106614 0.086966 0.126263
20.060048 0.106810 0.087675 0.125944
20.158884 0.107019 0.088346 0.125692
20.258271 0.107217 0.088942 0.125491
20.355085 0.107430 0.089467 0.125393
20.456358 0.107685 0.089944 0.125427
20.557292 0.107990 0.090339 0.125641
20.660005 0.108338 0.090648 0.126029
20.759425 0.108739 0.090915 0.126563
20.858499 0.109204 0.091226 0.127181
20.957390 0.109721 0.091644 0.127797
21.056032 0.110289 0.092190 0.128387
21.154978 0.110911 0.092867 0.128956
21.254526 0.111567 0.093687 0.129447
21.355052 0.112193 0.094609 0.129776
21.453874 0.112695 0.095534 0.129856
21.551756 0.112984 0.096299 0.129670
21.650459 0.113086 0.096841 0.129332
21.749338 0.113082 0.097198 0.128966
21.848018 0.113065 0.097437 0.128694
21.946428 0.113072 0.097596 0.128547
22.046481 0.113094 0.097683 0.128505
