4.578854 0.007948 0.003741 0.012155
4.680333 0.008087 0.003915 0.012258
4.779236 0.008273 0.004150 0.012395
4.877112 0.008514 0.004474 0.012554
4.974437 0.008815 0.004881 0.012748
5.077629 0.009152 0.005345 0.012959
5.186377 0.009488 0.005792 0.013183
5.285761 0.009770 0.006168 0.013372
5.382294 0.009956 0.006438 0.013474
5.476036 0.010053 0.006584 0.013523
5.569336 0.010077 0.006615 0.013538
5.663960 0.010083 0.006566 0.013599
5.757487 0.010133 0.006485 0.013780
5.850714 0.010199 0.006338 0.014061
5.945013 0.010246 0.006109 0.014383
6.038637 0.010255 0.005848 0.014662
6.132660 0.010260 0.005690 0.014830
6.226899 0.010316 0.005688 0.014945
6.321161 0.010415 0.005812 0.015017
6.417627 0.010516 0.005968 0.015064
6.512156 0.010601 0.006138 0.015063
6.609543 0.010662 0.006298 0.015025
6.704667 0.010687 0.006366 0.015008
6.798817 0.010690 0.006294 0.015086
6.892891 0.010687 0.006073 0.015300
6.986351 0.010694 0.005755 0.015634
7.081254 0.010671 0.005360 0.015982
7.176458 0.010590 0.004990 0.016189
7.270684 0.010499 0.004787 0.016210
7.364143 0.010435 0.004810 0.016060
7.457682 0.010450 0.004985 0.015916
7.551689 0.010525 0.005170 0.015881
7.647679 0.010644 0.005275 0.016013
7.742240 0.010779 0.005352 0.016207
7.838470 0.010911 0.005488 0.016333
7.934008 0.011042 0.005695 0.016390
8.027205 0.011152 0.005915 0.016389
8.121835 0.011206 0.006017 0.016395
8.216984 0.011157 0.005881 0.016432
8.313201 0.011075 0.005609 0.016540
8.405873 0.011056 0.005425 0.016686
8.499564 0.011211 0.005565 0.016858
8.593776 0.011538 0.006023 0.017053
8.689807 0.011946 0.006592 0.017300
8.783429 0.012283 0.006987 0.017579
8.877998 0.012475 0.007085 0.017865
8.974293 0.012562 0.006940 0.018185
9.071260 0.012647 0.006702 0.018593
9.166609 0.012795 0.006464 0.019126
9.259550 0.012992 0.006231 0.019752
9.357146 0.013193 0.005956 0.020429
9.455255 0.013363 0.005653 0.021072
9.551612 0.013488 0.005363 0.021613
9.645022 0.013591 0.005191 0.021992
9.740805 0.013704 0.005141 0.022267
9.834164 0.013833 0.005180 0.022486
9.929751 0.013984 0.005259 0.022709
10.024549 0.014128 0.005272 0.022984
10.120545 0.014206 0.005092 0.023320
10.216847 0.014202 0.004732 0.023671
10.312517 0.014160 0.004353 0.023967
10.407460 0.014138 0.004107 0.024169
10.501635 0.014142 0.004014 0.024271
10.595764 0.014117 0.003937 0.024296
10.689629 0.014029 0.003792 0.024265
10.784583 0.013913 0.003562 0.024263
10.883150 0.013810 0.003285 0.024335
10.977036 0.013824 0.003124 0.024524
11.072739 0.013985 0.003146 0.024825
11.166369 0.014257 0.003298 0.025217
11.260451 0.014563 0.003461 0.025664
11.355171 0.014859 0.003577 0.026141
11.450469 0.015098 0.003578 0.026618
11.546492 0.015291 0.003492 0.027091
11.640085 0.015473 0.003396 0.027550
11.735642 0.015686 0.003375 0.027996
11.829651 0.015946 0.003456 0.028436
11.925341 0.016197 0.003570 0.028825
12.022254 0.016442 0.003715 0.029170
12.115722 0.016694 0.003913 0.029474
12.208737 0.016953 0.004174 0.029733
12.303015 0.017204 0.004486 0.029922
12.395396 0.017428 0.004819 0.030037
12.489513 0.017614 0.005108 0.030120
12.584307 0.017798 0.005357 0.030238
12.681103 0.018029 0.005647 0.030412
12.773656 0.018345 0.006053 0.030637
12.867093 0.018758 0.006644 0.030872
12.962324 0.019242 0.007372 0.031112
13.057210 0.019779 0.008137 0.031421
13.152384 0.020327 0.008819 0.031836
13.245157 0.020835 0.009352 0.032318
13.339163 0.021264 0.009777 0.032751
13.432943 0.021606 0.010151 0.033060
13.527530 0.021848 0.010505 0.033191
13.623699 0.021983 0.010807 0.033158
13.719756 0.022084 0.011073 0.033096
13.814795 0.022200 0.011252 0.033148
13.909123 0.022383 0.011362 0.033403
14.003327 0.022651 0.011457 0.033845
14.096395 0.022951 0.011537 0.034366
14.190311 0.023266 0.011638 0.034895
14.283823 0.023552 0.011716 0.035388
14.380952 0.023806 0.011771 0.035842
14.474429 0.024057 0.011787 0.036327
14.568372 0.024303 0.011762 0.036845
14.662878 0.024545 0.011712 0.037377
14.757178 0.024772 0.011665 0.037879
14.851974 0.024945 0.011588 0.038301
14.946057 0.025038 0.011438 0.038638
15.043148 0.025086 0.011234 0.038938
15.137440 0.025117 0.010985 0.039248
15.233156 0.025197 0.010767 0.039627
15.327261 0.025371 0.010605 0.040138
15.424381 0.025710 0.010569 0.040851
15.521200 0.026236 0.010604 0.041868
15.616342 0.026947 0.010693 0.043201
15.711945 0.027782 0.010845 0.044719
15.808046 0.028648 0.011081 0.046216
15.902646 0.029451 0.011395 0.047507
15.996537 0.030125 0.011767 0.048484
16.092214 0.030681 0.012198 0.049163
16.185672 0.031117 0.012663 0.049572
16.280176 0.031392 0.013044 0.049740
16.375214 0.031493 0.013233 0.049754
16.470494 0.031484 0.013247 0.049721
16.565698 0.031411 0.013100 0.049723
16.661037 0.031416 0.012946 0.049886
16.755301 0.031622 0.012913 0.050330
16.849353 0.032056 0.013047 0.051065
16.944941 0.032619 0.013304 0.051934
17.041157 0.033162 0.013611 0.052712
17.136380 0.033570 0.013842 0.053297
17.233670 0.033844 0.014012 0.053676
17.329720 0.034021 0.014156 0.053887
17.423243 0.034153 0.014314 0.053992
17.517347 0.034267 0.014499 0.054036
17.611358 0.034376 0.014692 0.054060
17.706228 0.034519 0.014924 0.054114
17.802206 0.034749 0.015246 0.054253
17.896928 0.035092 0.015680 0.054504
17.992531 0.035530 0.016185 0.054875
18.087101 0.036039 0.016719 0.055359
18.183647 0.036550 0.017184 0.055916
18.279092 0.036998 0.017531 0.056465
18.371851 0.037352 0.017756 0.056947
18.466546 0.037633 0.017956 0.057311
18.564108 0.037915 0.018273 0.057557
18.661446 0.038246 0.018794 0.057698
18.757912 0.038657 0.019535 0.057778
18.854334 0.039145 0.020417 0.057873
18.948926 0.039699 0.021324 0.058074
19.044856 0.040286 0.022167 0.058405
19.139363 0.040922 0.023000 0.058844
19.233171 0.041591 0.023910 0.059272
19.327286 0.042245 0.024898 0.059592
19.421888 0.042811 0.025807 0.059815
19.517387 0.043286 0.026521 0.060050
19.613055 0.043751 0.027044 0.060458
19.708714 0.044290 0.027453 0.061127
19.803115 0.044902 0.027816 0.061988
19.898127 0.045479 0.028107 0.062850
19.994326 0.045876 0.028214 0.063539
20.090229 0.046078 0.028146 0.064010
20.184724 0.046175 0.027970 0.064380
20.278710 0.046316 0.027844 0.064787
20.373154 0.046577 0.027825 0.065329
20.469261 0.046935 0.027871 0.066000
20.566256 0.047315 0.027953 0.066678
20.660774 0.047686 0.028122 0.067249
20.756814 0.048005 0.028352 0.067658
20.850871 0.048281 0.028652 0.067910
20.946643 0.048530 0.029027 0.068033
21.039884 0.048758 0.029448 0.068067
21.137139 0.049002 0.029903 0.068101
21.231398 0.049273 0.030327 0.068218
21.327202 0.049600 0.030722 0.068478
21.422904 0.049971 0.031053 0.068889
21.517148 0.050327 0.031274 0.069380
21.611411 0.050605 0.031378 0.069831
21.706775 0.050832 0.031458 0.070206
21.801590 0.051075 0.031636 0.070513
21.895098 0.051402 0.031971 0.070834
21.990686 0.051825 0.032478 0.071173
22.086883 0.052323 0.033144 0.071501
22.183080 0.052847 0.033916 0.071779
22.277842 0.053349 0.034658 0.072039
22.372566 0.053804 0.035225 0.072383
22.467725 0.054219 0.035516 0.072921
22.563316 0.054576 0.035494 0.073658
22.659869 0.054865 0.035218 0.074512
22.755388 0.055103 0.034799 0.075407
22.851145 0.055345 0.034389 0.076301
22.946294 0.055645 0.034126 0.077163
23.041086 0.056016 0.034095 0.077938
23.138394 0.056459 0.034301 0.078617
23.233644 0.056939 0.034675 0.079202
23.327590 0.057394 0.035073 0.079715
23.421746 0.057785 0.035405 0.080165
23.515665 0.058144 0.035635 0.080652
23.612449 0.058493 0.035724 0.081263
23.711107 0.058833 0.035660 0.082005
23.805602 0.059159 0.035529 0.082790
23.899981 0.059477 0.035418 0.083537
23.994794 0.059831 0.035456 0.084206
24.091607 0.060209 0.035660 0.084759
24.186816 0.060608 0.035986 0.085230
24.282797 0.060981 0.036367 0.085595
24.378620 0.061314 0.036768 0.085861
24.474782 0.061592 0.037206 0.085979
24.569630 0.061813 0.037689 0.085937
24.666189 0.061989 0.038195 0.085784
24.761924 0.062132 0.038669 0.085594
24.856645 0.062253 0.039042 0.085464
24.950532 0.062344 0.039254 0.085435
25.045707 0.062433 0.039356 0.085511
25.141128 0.062542 0.039423 0.085661
25.236215 0.062769 0.039625 0.085913
25.333818 0.063240 0.040117 0.086364
25.427996 0.064008 0.040934 0.087082
25.524125 0.064987 0.041939 0.088035
25.619143 0.066010 0.042931 0.089090
25.712878 0.066916 0.043723 0.090110
25.808284 0.067635 0.044277 0.090993
25.904558 0.068174 0.044650 0.091698
25.997577 0.068653 0.045043 0.092263
26.092439 0.069195 0.045657 0.092734
26.189504 0.069851 0.046517 0.093184
26.283776 0.070597 0.047482 0.093712
26.378246 0.071400 0.048353 0.094446
26.472778 0.072200 0.048991 0.095408
26.566996 0.072979 0.049405 0.096553
26.662462 0.073713 0.049706 0.097720
26.755003 0.074387 0.050002 0.098772
26.848319 0.074970 0.050348 0.099592
26.941935 0.075415 0.050678 0.100152
27.036014 0.075728 0.050963 0.100494
27.130103 0.075960 0.051182 0.100738
27.224423 0.076182 0.051343 0.101022
27.318357 0.076462 0.051476 0.101447
27.413164 0.076847 0.051649 0.102046
27.507991 0.077312 0.051823 0.102802
27.603970 0.077843 0.052007 0.103679
27.698912 0.078391 0.052207 0.104575
27.794508 0.078914 0.052416 0.105413
27.888975 0.079371 0.052593 0.106149
27.985524 0.079750 0.052691 0.106809
28.082753 0.080050 0.052714 0.107385
28.177380 0.080262 0.052658 0.107867
28.272629 0.080358 0.052456 0.108260
28.367390 0.080335 0.052098 0.108572
28.461462 0.080295 0.051731 0.108859
28.557750 0.080329 0.051509 0.109148
28.654421 0.080523 0.051560 0.109485
28.749378 0.080867 0.051863 0.109872
28.843404 0.081318 0.052311 0.110324
28.940393 0.081779 0.052754 0.110804
29.034441 0.082179 0.053101 0.111258
29.129130 0.082532 0.053344 0.111720
29.226732 0.082900 0.053570 0.112230
29.323057 0.083365 0.053885 0.112845
29.419646 0.083959 0.054331 0.113587
29.515476 0.084650 0.054837 0.114462
29.610200 0.085351 0.055313 0.115390
29.705754 0.085974 0.055689 0.116259
29.803599 0.086456 0.055957 0.116955
29.900121 0.086788 0.056122 0.117453
29.993629 0.087021 0.056252 0.117789
30.089139 0.087252 0.056470 0.118034
30.186810 0.087614 0.056899 0.118328
30.283045 0.088170 0.057604 0.118736
30.376734 0.088903 0.058529 0.119276
30.473121 0.089788 0.059609 0.119968
30.569055 0.090760 0.060721 0.120800
30.665458 0.091749 0.061780 0.121718
30.762694 0.092726 0.062798 0.122653
30.857105 0.093685 0.063850 0.123520
30.953270 0.094616 0.064902 0.124329
31.049106 0.095457 0.065867 0.125047
31.146437 0.096141 0.066601 0.125682
31.241796 0.096690 0.067107 0.126273
31.338018 0.097210 0.067528 0.126891
31.434496 0.097774 0.067976 0.127571
31.529669 0.098429 0.068529 0.128328
31.624958 0.099118 0.069183 0.129052
31.720056 0.099759 0.069867 0.129651
31.815793 0.100310 0.070506 0.130115
31.912906 0.100775 0.071049 0.130502
32.008703 0.101208 0.071454 0.130962
32.103513 0.101660 0.071753 0.131567
32.197534 0.102150 0.071926 0.132373
32.293557 0.102645 0.071990 0.133299
32.391602 0.103134 0.072042 0.134226
32.487946 0.103621 0.072159 0.135083
32.583479 0.104098 0.072320 0.135877
32.679505 0.104578 0.072499 0.136657
32.773503 0.105052 0.072681 0.137423
32.868849 0.105558 0.072958 0.138157
32.964404 0.106136 0.073401 0.138871
33.060120 0.106805 0.074035 0.139575
33.155560 0.107564 0.074871 0.140256
33.251315 0.108419 0.075901 0.140937
33.345360 0.109350 0.077086 0.141613
33.441995 0.110289 0.078355 0.142223
33.536310 0.111182 0.079605 0.142760
33.631140 0.111961 0.080716 0.143205
33.725435 0.112644 0.081676 0.143613
33.819426 0.113249 0.082503 0.143996
33.914518 0.113829 0.083288 0.144369
34.010416 0.114423 0.084073 0.144773
34.106816 0.115047 0.084861 0.145234
34.200901 0.115678 0.085590 0.145766
34.297169 0.116327 0.086265 0.146389
34.392928 0.117019 0.086927 0.147111
34.488538 0.117773 0.087660 0.147886
34.583122 0.118595 0.088493 0.148697
34.678479 0.119458 0.089432 0.149485
34.774058 0.120368 0.090482 0.150254
34.869459 0.121333 0.091611 0.151055
34.964128 0.122302 0.092741 0.151864
35.058381 0.123175 0.093767 0.152584
35.154619 0.123882 0.094617 0.153147
35.251262 0.124410 0.095263 0.153558
35.345204 0.124860 0.095760 0.153960
35.440482 0.125335 0.096188 0.154482
35.537145 0.125865 0.096626 0.155104
35.633013 0.126417 0.097105 0.155730
35.728416 0.126933 0.097625 0.156240
35.823738 0.127394 0.098176 0.156611
35.918172 0.127859 0.098762 0.156956
36.012794 0.128432 0.099425 0.157440
36.107633 0.129113 0.100128 0.158098
36.204621 0.129844 0.100812 0.158875
36.301952 0.130498 0.101356 0.159640
36.394513 0.131027 0.101747 0.160306
36.488691 0.131503 0.102164 0.160841
36.585111 0.132041 0.102808 0.161274
36.680753 0.132761 0.103822 0.161700
36.775632 0.133692 0.105177 0.162207
36.870125 0.134747 0.106725 0.162768
36.965507 0.135757 0.108288 0.163225
37.061649 0.136589 0.109717 0.163460
37.158098 0.137210 0.110975 0.163444
37.254193 0.137735 0.112183 0.163287
37.349328 0.138274 0.113415 0.163132
37.444325 0.138885 0.114660 0.163110
37.539189 0.139545 0.115844 0.163246
37.634808 0.140178 0.116830 0.163526
37.731997 0.140747 0.117606 0.163887
37.824726 0.141234 0.118271 0.164197
37.919030 0.141671 0.118966 0.164376
38.014872 0.142102 0.119755 0.164450
38.109506 0.142534 0.120550 0.164517
38.205562 0.142959 0.121206 0.164712
38.300514 0.143369 0.121654 0.165084
38.395211 0.143753 0.121927 0.165579
38.491045 0.144140 0.122180 0.166100
38.588492 0.144605 0.122626 0.166585
38.685764 0.145212 0.123383 0.167040
38.780387 0.145958 0.124398 0.167518
38.875963 0.146718 0.125440 0.167995
38.969642 0.147385 0.126315 0.168455
39.065302 0.147897 0.126919 0.168875
39.160733 0.148250 0.127282 0.169219
